,antelope_duiker,bird,blank,civet_genet,hog,leopard,monkey_prosimian,rodent
ZJ016488,0.447756,0.011758,0.296622,0.084153,0.004659,0.004617,0.008206,0.14223
ZJ016489,0.000746,0.998932,0.000292,0.0,0.0,0.0,2.9e-05,0.0
ZJ016490,0.360198,0.24495,0.355413,0.003521,0.000633,0.01707,0.008489,0.009726
ZJ016491,0.0,0.0,0.0,0.0,0.0,1.0,0.0,0.0
ZJ016492,0.000178,2e-06,0.000295,0.0,0.0,0.0,0.993845,0.005681
ZJ016493,0.005739,0.979572,0.005407,0.0,0.0,6e-06,0.009225,5e-05
ZJ016494,0.317131,0.022327,0.284027,0.000546,0.002098,0.009952,0.350915,0.013004
ZJ016495,0.012264,0.000325,0.131529,4.7e-05,0.000363,0.853592,0.001792,8.8e-05
ZJ016496,0.269808,0.074004,0.297396,9.6e-05,0.001837,0.021484,0.330312,0.005063
ZJ016497,0.001243,1.1e-05,0.017089,0.0,0.0,1.6e-05,0.981637,4e-06
ZJ016498,0.15735,0.045796,0.291079,0.003806,0.01095,0.117942,0.356596,0.016481
ZJ016499,0.499923,0.018636,0.386112,1.8e-05,0.000138,0.002226,0.091669,0.001278
ZJ016500,0.318272,0.027724,0.564334,0.000466,0.000329,0.002737,0.070813,0.015325
ZJ016501,0.287169,0.013127,0.544715,0.049635,0.003725,0.014034,0.012414,0.07518
ZJ016502,0.352571,0.033597,0.395134,0.029139,0.006158,0.007681,0.045626,0.130095
ZJ016503,0.731341,0.047736,0.156751,0.000414,0.006806,0.004935,0.046805,0.005212
ZJ016504,0.335917,0.047169,0.551916,0.00013,0.000143,0.00683,0.055929,0.001967
ZJ016505,0.486884,0.008543,0.492889,0.00021,5.1e-05,0.003776,0.006526,0.001122
ZJ016506,0.268218,0.017049,0.092101,1.6e-05,0.002678,0.000905,0.612382,0.006649
ZJ016507,0.134678,0.00464,0.845483,0.000136,1e-05,0.001761,0.010253,0.003039
ZJ016508,0.062385,0.001547,0.163449,0.564878,0.001145,0.001689,0.000144,0.204763
ZJ016509,0.0,1.0,0.0,0.0,0.0,0.0,0.0,0.0
ZJ016510,0.269857,0.495832,0.157231,0.000147,0.000812,0.002201,0.066551,0.00737
ZJ016511,0.171512,0.007174,0.465423,0.074219,0.007575,0.009617,0.00734,0.25714
ZJ016512,0.001744,1.4e-05,0.0597,2e-06,1e-06,0.938531,7e-06,1e-06
ZJ016513,0.599781,0.098504,0.045322,0.000167,0.174896,0.001686,0.065633,0.014013
ZJ016514,0.251762,0.029735,0.284877,0.329721,0.008992,0.059247,0.0041,0.031567
ZJ016515,0.0,0.0,0.000606,0.0,0.0,0.999394,0.0,0.0
ZJ016516,0.317329,0.010755,0.360594,0.21318,0.001906,0.006578,0.009538,0.080121
ZJ016517,0.727566,0.195669,0.06677,0.0,1.8e-05,3.3e-05,0.009818,0.000126
ZJ016518,0.999985,0.0,0.0,0.0,1e-05,0.0,5e-06,0.0
ZJ016519,0.183401,0.013612,0.209202,0.072484,0.204586,0.019719,0.036848,0.260149
ZJ016520,0.022361,4e-06,0.018893,0.93138,1.2e-05,6e-06,0.0,0.027343
ZJ016521,0.217322,0.020025,0.691535,0.000943,0.001346,0.01515,0.02974,0.02394
ZJ016522,0.652932,0.000476,9.7e-05,0.0,0.333039,0.0,0.013424,3.2e-05
ZJ016523,0.001197,0.996774,0.001035,0.0,0.0,0.0,0.000967,2.8e-05
ZJ016524,0.09325,0.001021,0.760231,0.012472,0.000709,0.0039,0.00123,0.127186
ZJ016525,0.02134,1e-06,6e-05,0.0,0.978444,0.0,0.000148,7e-06
ZJ016526,0.123984,0.691375,0.116025,0.000213,0.000509,0.001244,0.03773,0.02892
ZJ016527,0.0,0.0,0.0,0.999999,0.0,0.0,0.0,0.0
ZJ016528,0.094465,0.063936,0.299912,8e-06,0.000237,0.002249,0.519615,0.019577
ZJ016529,0.007594,5.2e-05,0.104661,0.000216,0.000418,0.886766,0.00018,0.000112
ZJ016530,0.044729,0.000102,0.954946,2e-06,0.0,6.1e-05,0.000118,4.2e-05
ZJ016531,0.169252,0.002657,0.262115,0.442266,0.006582,0.03928,0.001194,0.076654
ZJ016532,0.0,0.0,0.0,0.0,0.0,1.0,0.0,0.0
ZJ016533,0.128887,0.034906,0.35709,5e-06,0.000259,0.012971,0.464266,0.001617
ZJ016534,0.321001,0.036578,0.219773,0.065655,0.009614,0.003556,0.039057,0.304767
ZJ016535,0.0,0.0,0.0,0.0,0.0,0.0,1.0,0.0
ZJ016536,0.364591,0.03473,0.507655,0.003398,0.004003,0.017725,0.039519,0.028378
ZJ016537,0.999694,8e-06,0.00013,0.0,5e-06,0.0,0.000163,0.0
ZJ016538,0.001245,1e-06,0.00032,0.0,0.0,0.0,0.998434,0.0
ZJ016539,0.576536,0.013133,0.375749,0.001369,0.001829,0.009032,0.014184,0.008166
ZJ016540,0.008754,0.000191,0.013035,0.0,1e-06,2e-06,0.977894,0.000124
ZJ016541,0.100385,0.009805,0.099355,2e-06,0.000626,0.00081,0.783723,0.005294
ZJ016542,0.709032,0.002498,0.25432,0.001046,0.005113,0.016462,0.006501,0.005028
ZJ016543,0.363156,0.057399,0.210995,0.181757,0.023863,0.014032,0.018377,0.130422
ZJ016544,0.999998,0.0,0.0,0.0,1e-06,0.0,1e-06,0.0
ZJ016545,0.129805,0.005468,0.8477,0.000179,2.3e-05,0.004204,0.009649,0.002973
ZJ016546,0.002088,1e-06,0.063554,0.000142,9.7e-05,0.934097,5e-06,1.6e-05
ZJ016547,0.239121,0.000985,0.724896,0.018556,5.2e-05,0.011291,0.000598,0.004501
ZJ016548,0.139296,0.002549,0.132568,0.636426,0.005499,0.01745,0.001149,0.065063
ZJ016549,0.092393,0.029831,0.831004,1e-06,3e-06,0.003439,0.043133,0.000196
ZJ016550,0.242267,0.286153,0.19125,0.118073,0.00501,0.002818,0.015705,0.138725
ZJ016551,0.346308,0.585724,0.02805,0.0,1e-05,9e-06,0.039887,1.2e-05
ZJ016552,0.043352,0.00846,0.711181,0.0,0.0,9.6e-05,0.236887,2.5e-05
ZJ016553,0.044297,0.017964,0.523201,0.0,1e-06,0.000953,0.413281,0.000303
ZJ016554,0.617843,0.010432,0.307943,1.7e-05,0.000216,0.002405,0.060423,0.00072
ZJ016555,0.413822,0.001122,0.015998,0.0,0.001422,1.6e-05,0.567385,0.000235
ZJ016556,0.749951,0.02859,0.154072,0.000537,0.007332,0.002042,0.046597,0.010879
ZJ016557,0.107632,0.495748,0.117326,0.0,0.000374,0.004362,0.271386,0.003172
ZJ016558,0.0,0.0,0.0,0.0,0.0,1.0,0.0,0.0
ZJ016559,0.423765,0.180628,0.287579,0.00284,0.003363,0.009425,0.06955,0.022849
ZJ016560,0.432206,0.016858,0.421013,2.3e-05,0.00013,0.003941,0.124894,0.000935
ZJ016561,1.0,0.0,0.0,0.0,0.0,0.0,0.0,0.0
ZJ016562,0.00035,0.999048,0.000526,0.0,0.0,0.0,7.5e-05,0.0
ZJ016563,0.145155,0.069419,0.623439,0.000124,0.000199,0.007099,0.141948,0.012617
ZJ016564,0.0,1.0,0.0,0.0,0.0,0.0,0.0,0.0
ZJ016565,0.0,0.0,0.0,0.0,0.0,1.0,0.0,0.0
ZJ016566,0.15888,0.023915,0.767748,9e-06,3.4e-05,0.005664,0.042922,0.000828
ZJ016567,0.718031,0.052585,0.14898,0.003559,0.004469,0.000633,0.033968,0.037774
ZJ016568,0.0,0.0,3e-06,0.0,0.0,0.999997,0.0,0.0
ZJ016569,0.191277,0.015859,0.610931,8e-06,1.2e-05,0.000585,0.179406,0.001922
ZJ016570,0.009703,0.984607,0.003954,0.0,0.0,0.0,0.00097,0.000765
ZJ016571,0.161396,0.001929,0.290585,0.488977,0.000698,0.015427,0.00048,0.040506
ZJ016572,0.001049,0.99508,0.000213,0.0,0.0,0.0,0.003658,0.0
ZJ016573,0.055273,0.001307,0.229052,0.145081,0.000699,0.000242,0.000826,0.567521
ZJ016574,0.126401,0.001212,0.487248,0.028629,0.000701,0.000779,0.001231,0.3538
ZJ016575,0.083191,0.000645,0.893881,0.003859,6.8e-05,0.003163,0.000607,0.014586
ZJ016576,5e-06,0.999995,0.0,0.0,0.0,0.0,0.0,0.0
ZJ016577,0.474203,0.007364,0.499996,0.000302,0.000296,0.00862,0.006644,0.002575
ZJ016578,0.497599,0.006448,0.369469,0.006837,0.007813,0.073021,0.03292,0.005894
ZJ016579,0.722655,0.070931,0.15994,0.0,0.000241,0.001944,0.044189,9.9e-05
ZJ016580,0.231411,0.130278,0.172415,5.2e-05,0.002979,0.003099,0.427935,0.031831
ZJ016581,4e-06,0.999978,1e-05,0.0,0.0,0.0,8e-06,0.0
ZJ016582,0.0,0.0,0.0,0.0,0.0,1.0,0.0,0.0
ZJ016583,0.90457,0.00323,0.086262,3e-06,0.000426,0.000412,0.004869,0.000228
ZJ016584,0.741183,0.003875,0.234331,0.002158,0.000751,0.001,0.005724,0.010978
ZJ016585,0.0,0.0,0.0,0.0,0.0,1.0,0.0,0.0
ZJ016586,0.614982,0.008764,0.360895,0.000162,0.000237,0.003877,0.009573,0.00151
ZJ016587,0.000242,0.0,0.999757,0.0,0.0,1e-06,0.0,0.0
ZJ016588,0.609016,0.042445,0.038816,0.000667,0.197259,0.000957,0.079368,0.031471
ZJ016589,0.112708,0.149106,0.376151,0.0,5.5e-05,0.124299,0.237582,9.9e-05
ZJ016590,0.629131,0.067197,0.257874,0.001178,0.001353,0.002935,0.029333,0.010999
ZJ016591,0.002899,1e-06,0.000194,0.0,0.0,0.0,0.996906,0.0
ZJ016592,0.272137,0.042418,0.12765,3e-06,0.000959,0.000857,0.551299,0.004676
ZJ016593,0.343759,0.032265,0.596631,0.000124,4.4e-05,0.008558,0.017532,0.001087
ZJ016594,0.004376,0.98775,0.007506,0.0,0.0,2e-06,0.000359,7e-06
ZJ016595,0.000163,0.0,0.000218,0.0,0.0,0.0,0.999619,0.0
ZJ016596,0.688418,0.008217,0.032645,0.000119,0.016011,3.7e-05,0.100571,0.153982
ZJ016597,0.210218,0.043697,0.520308,3e-06,3.1e-05,0.005856,0.21932,0.000567
ZJ016598,0.0,0.0,0.0,0.0,0.0,1.0,0.0,0.0
ZJ016599,0.020616,0.888124,0.039501,0.0,2.8e-05,0.000205,0.037737,0.013789
ZJ016600,0.17274,0.827201,1.3e-05,0.0,0.0,0.0,4.5e-05,0.0
ZJ016601,0.213083,0.059914,0.449862,1.5e-05,0.000244,0.018198,0.257499,0.001186
ZJ016602,0.421322,0.093808,0.251979,0.000238,0.001614,0.004787,0.218064,0.008188
ZJ016603,0.560371,0.001814,0.029603,1.3e-05,0.006868,9.7e-05,0.399717,0.001517
ZJ016604,0.465003,0.023008,0.375656,0.03575,0.005463,0.010869,0.017786,0.066465
ZJ016605,0.001368,6e-06,0.003735,0.0,0.0,0.0,0.994892,0.0
ZJ016606,0.432657,0.043411,0.286082,0.000983,0.012091,0.074428,0.14584,0.004509
ZJ016607,1e-06,0.0,0.000719,0.0,0.0,0.99928,0.0,0.0
ZJ016608,0.79,0.009617,0.153163,0.001745,0.010272,0.00439,0.018436,0.012377
ZJ016609,0.018466,0.005699,0.057245,0.0,3e-06,0.000379,0.918168,4e-05
ZJ016610,0.098983,0.648194,0.155036,0.0,5e-06,0.001439,0.096189,0.000154
ZJ016611,0.057624,0.048873,0.149229,7e-06,8.5e-05,0.000131,0.537136,0.206915
ZJ016612,0.1065,0.00077,0.508299,0.178189,9.2e-05,0.000313,0.000286,0.205551
ZJ016613,0.0,0.0,0.0,0.0,0.0,1.0,0.0,0.0
ZJ016614,0.203765,0.003618,0.022139,0.000381,0.732708,0.00166,0.023185,0.012544
ZJ016615,0.389089,0.072008,0.417258,0.002297,0.002918,0.012809,0.082822,0.0208
ZJ016616,0.000159,0.0,0.015299,0.0,1e-06,0.98454,1e-06,0.0
ZJ016617,0.029313,0.314122,0.028023,7.7e-05,0.000474,2.5e-05,0.072572,0.555392
ZJ016618,0.36732,0.02407,0.190056,6e-05,0.001665,0.002936,0.408676,0.005218
ZJ016619,0.15653,0.004843,0.152605,0.655846,0.000395,0.006231,0.00023,0.023321
ZJ016620,0.657859,0.004497,0.262822,0.041078,0.003143,0.012865,0.00709,0.010646
ZJ016621,0.415498,0.135788,0.402967,0.023951,0.00017,0.011527,0.001517,0.008583
ZJ016622,0.174821,0.009177,0.792886,0.000753,8.5e-05,0.006028,0.010929,0.005321
ZJ016623,0.788689,0.00137,0.187312,0.000356,0.004646,0.010582,0.004576,0.002469
ZJ016624,0.090261,0.016528,0.238417,2e-06,0.000203,0.037579,0.616597,0.000414
ZJ016625,0.618106,1e-06,1e-06,0.0,0.381308,0.0,0.000584,0.0
ZJ016626,0.75822,0.030617,0.186002,0.004771,0.001556,0.003427,0.007547,0.007861
ZJ016627,0.0,0.0,0.0,0.0,0.0,0.0,1.0,0.0
ZJ016628,0.999999,0.0,0.0,0.0,0.0,0.0,1e-06,0.0
ZJ016629,0.0,0.0,2e-06,0.999998,0.0,0.0,0.0,1e-06
ZJ016630,6.2e-05,0.0,2e-06,0.0,0.0,0.0,0.999935,0.0
ZJ016631,0.174504,0.004338,0.146241,0.619136,0.000803,0.003773,0.000427,0.050778
ZJ016632,0.347636,0.007514,0.22734,0.353912,0.004093,0.017255,0.002189,0.040063
ZJ016633,0.008626,0.032616,0.701256,0.0,0.0,0.000296,0.257204,2e-06
ZJ016634,0.430991,0.028378,0.497101,0.00051,0.000344,0.011198,0.028216,0.003264
ZJ016635,0.853936,0.014289,0.085994,8e-05,0.010538,0.002658,0.030664,0.001842
ZJ016636,0.873191,0.009661,0.099707,0.000363,0.000504,5.8e-05,0.007108,0.009407
ZJ016637,0.897246,0.018503,0.054342,2e-06,0.001015,8.6e-05,0.02809,0.000714
ZJ016638,0.305797,0.028807,0.194683,6.3e-05,0.001528,0.002726,0.457928,0.008468
ZJ016639,0.985282,0.000997,0.004562,0.000118,0.00397,1e-06,0.002281,0.002789
ZJ016640,0.170346,0.651225,0.172807,2.2e-05,7e-06,0.000316,0.00377,0.001507
ZJ016641,0.447769,0.139914,0.379987,0.001747,0.000549,0.014982,0.009108,0.005944
ZJ016642,0.140435,0.000169,0.209916,0.449061,0.003382,0.193345,0.000114,0.003578
ZJ016643,0.083239,0.646782,0.111351,1e-06,0.000139,0.001396,0.15213,0.004963
ZJ016644,0.350719,0.017345,0.290657,0.000317,0.002318,0.014481,0.318719,0.005444
ZJ016645,0.999601,1.6e-05,0.000124,0.0,9.5e-05,0.0,0.000164,0.0
ZJ016646,0.000579,0.0,4.9e-05,0.0,0.0,0.0,0.999372,0.0
ZJ016647,0.281923,0.007363,0.12797,0.322478,0.001549,0.000343,0.00102,0.257353
ZJ016648,0.155495,0.036881,0.410328,3.6e-05,0.000375,0.008992,0.382608,0.005285
ZJ016649,0.110222,0.002685,0.253547,0.480698,0.002077,0.00926,0.000509,0.141002
ZJ016650,0.714863,0.01034,0.252303,0.000158,0.000326,0.001127,0.018056,0.002829
ZJ016651,0.18731,0.495085,0.165922,1.7e-05,0.000759,0.00406,0.14053,0.006318
ZJ016652,0.02536,0.003235,0.892403,0.0,1e-06,0.076108,0.002848,4.6e-05
ZJ016653,7.4e-05,0.0,0.0,0.0,0.999926,0.0,0.0,0.0
ZJ016654,0.249352,0.004186,0.303549,0.001537,0.008431,0.413443,0.018501,0.001002
ZJ016655,0.719762,0.007012,0.008724,9e-06,0.217446,0.000142,0.04458,0.002324
ZJ016656,0.0,1.0,0.0,0.0,0.0,0.0,0.0,0.0
ZJ016657,0.256235,0.084838,0.131658,1e-06,0.000584,0.002242,0.523406,0.001037
ZJ016658,0.140096,0.013564,0.780136,4.1e-05,3.2e-05,0.008798,0.055566,0.001766
ZJ016659,0.014727,1.2e-05,0.970156,0.000241,4e-06,0.012005,8e-06,0.002846
ZJ016660,0.098361,0.003795,0.428329,0.000413,0.000974,0.460047,0.007158,0.000923
ZJ016661,0.451077,0.005911,0.467306,0.038119,0.000744,0.0212,0.005822,0.009821
ZJ016662,0.0,0.0,0.000336,0.0,0.0,0.999664,0.0,0.0
ZJ016663,0.0,0.0,0.0,0.0,0.0,1.0,0.0,0.0
ZJ016664,0.14636,0.005612,0.37656,0.043746,0.003581,0.003254,0.006424,0.414464
ZJ016665,0.141926,0.016539,0.514469,8e-06,3.1e-05,0.001294,0.322539,0.003193
ZJ016666,0.023463,0.001881,0.015443,0.0,1e-06,2e-06,0.959177,3.3e-05
ZJ016667,0.503038,0.001506,0.028105,0.000123,0.006076,2e-05,0.440198,0.020934
ZJ016668,0.001705,0.007383,0.008986,4.3e-05,0.0,0.0,9e-06,0.981874
ZJ016669,0.283185,0.0103,0.269334,5e-06,0.000301,0.005252,0.430324,0.001299
ZJ016670,0.066696,0.000742,0.40249,0.015428,0.002943,0.504921,0.000823,0.005956
ZJ016671,0.083806,0.00043,0.899994,0.001563,3.8e-05,0.002274,0.000397,0.011498
ZJ016672,0.895851,0.003427,0.033429,0.000236,0.027383,6.2e-05,0.015457,0.024156
ZJ016673,0.111576,0.025851,0.706037,0.000132,0.000222,0.14011,0.01322,0.002852
ZJ016674,0.0,0.0,0.0,0.0,0.0,0.0,1.0,0.0
ZJ016675,0.0,0.0,2e-06,0.0,0.0,0.0,0.999998,0.0
ZJ016676,0.098303,0.077037,0.7743,0.0,1e-06,0.003222,0.047021,0.000114
ZJ016677,0.192786,0.024146,0.241763,0.395421,0.018642,0.062407,0.006849,0.057986
ZJ016678,0.001246,0.0,2e-06,0.0,0.0,0.0,0.998752,0.0
ZJ016679,0.246911,0.015619,0.252462,0.000181,0.002843,0.014261,0.461008,0.006714
ZJ016680,0.221411,0.062299,0.239311,0.000112,0.001846,0.006392,0.451195,0.017434
ZJ016681,5e-06,0.0,7e-06,0.0,0.0,0.0,0.999988,0.0
ZJ016682,0.000409,0.0,0.002264,0.0,0.0,0.0,0.997327,0.0
ZJ016683,0.300489,0.080999,0.508031,0.00089,0.001757,0.066105,0.033338,0.008391
ZJ016684,0.201928,0.383806,0.359921,0.037768,2.9e-05,0.004112,0.001318,0.011118
ZJ016685,0.145961,0.01228,0.608664,0.000911,0.002518,0.207875,0.017646,0.004146
ZJ016686,0.001002,4e-06,0.006385,0.0,0.0,0.0,0.992607,2e-06
ZJ016687,0.133241,0.003758,0.854344,0.000198,1.5e-05,0.002762,0.003802,0.001879
ZJ016688,0.144342,0.002117,0.818959,0.001418,0.000233,0.02601,0.002372,0.004549
ZJ016689,0.615366,0.017604,0.300802,0.000544,0.001318,0.005932,0.054469,0.003966
ZJ016690,0.204254,0.002842,0.477528,0.061641,0.001241,0.002047,0.002117,0.24833
ZJ016691,0.001478,0.0,4.1e-05,0.0,0.0,0.0,0.998481,0.0
ZJ016692,0.000456,0.0,0.999538,0.0,0.0,2e-06,0.0,3e-06
ZJ016693,0.0,0.0,0.0,0.0,0.0,1.0,0.0,0.0
ZJ016694,0.265355,0.033686,0.223169,9.4e-05,0.001806,0.004536,0.460942,0.010412
ZJ016695,7e-06,0.0,1e-06,0.0,0.0,0.0,0.999992,0.0
ZJ016696,0.033241,0.01905,0.29517,0.0,5e-06,0.001958,0.650102,0.000474
ZJ016697,0.015077,0.966053,0.006976,0.0,3e-06,4e-06,0.010978,0.000909
ZJ016698,0.000171,0.0,0.0,0.0,0.999829,0.0,0.0,0.0
ZJ016699,0.015658,0.976208,0.007357,0.0,0.0,1e-06,0.00077,6e-06
ZJ016700,0.0,0.0,0.0,0.0,0.0,1.0,0.0,0.0
ZJ016701,0.000199,0.999546,0.000178,0.0,0.0,0.0,7.6e-05,0.0
ZJ016702,3e-06,0.0,3e-06,0.0,0.0,0.0,0.999994,0.0
ZJ016703,0.0,1.0,0.0,0.0,0.0,0.0,0.0,0.0
ZJ016704,0.0,0.0,0.000288,0.0,0.0,0.999712,0.0,0.0
ZJ016705,0.000545,9e-06,0.001172,0.0,0.0,0.0,0.997133,0.001141
ZJ016706,0.04974,0.000164,0.897595,0.006901,0.000209,0.008988,0.000149,0.036253
ZJ016707,0.000413,1.4e-05,0.001279,0.0,0.0,0.0,0.998294,0.0
ZJ016708,0.885164,0.012634,0.08528,0.000234,0.000516,4.5e-05,0.008482,0.007644
ZJ016709,0.301745,0.054198,0.411346,0.000323,0.001054,0.012181,0.210702,0.008451
ZJ016710,0.301081,0.006553,0.071071,1e-06,0.00072,0.000485,0.619648,0.00044
ZJ016711,0.0,0.0,0.000404,0.0,0.0,0.999596,0.0,0.0
ZJ016712,0.290582,0.083726,0.389059,0.000584,0.003149,0.037128,0.187092,0.00868
ZJ016713,0.156689,0.004478,0.029849,0.00044,0.702466,0.001006,0.06639,0.038682
ZJ016714,0.0,0.0,0.004207,0.00269,0.0,0.993103,0.0,0.0
ZJ016715,0.271745,0.021228,0.609281,0.006903,0.004222,0.034498,0.021245,0.030877
ZJ016716,0.655912,0.020189,0.28385,1.2e-05,0.000218,0.002298,0.036817,0.000704
ZJ016717,0.777551,0.015666,0.171238,0.000288,0.003542,0.002728,0.024619,0.004368
ZJ016718,0.0,0.0,0.0,0.0,0.0,1.0,0.0,0.0
ZJ016719,0.199801,0.153812,0.405715,0.000217,0.001845,0.06256,0.170854,0.005197
ZJ016720,0.280109,0.045031,0.16952,4e-05,0.004979,0.005532,0.488872,0.005916
ZJ016721,0.0,0.0,2e-06,0.0,0.0,0.999998,0.0,0.0
ZJ016722,1.9e-05,0.0,0.004222,0.0,0.0,0.995759,0.0,0.0
ZJ016723,0.731728,0.003659,0.22687,0.017167,0.001711,0.005982,0.005779,0.007104
ZJ016724,0.070933,0.02747,0.852325,0.0,1e-06,0.001345,0.047844,8.3e-05
ZJ016725,0.0,0.0,2.6e-05,0.0,0.0,0.999974,0.0,0.0
ZJ016726,0.198523,0.021849,0.266874,0.011957,0.066341,0.374906,0.041848,0.017702
ZJ016727,0.002564,0.000188,0.015831,0.0,0.0,4.3e-05,0.981374,0.0
ZJ016728,0.181308,0.027878,0.185726,0.491632,0.005754,0.020936,0.004053,0.082714
ZJ016729,0.088289,0.007378,0.178421,0.0,5.9e-05,0.001216,0.723788,0.00085
ZJ016730,0.037686,0.000204,0.117245,0.023414,0.717634,0.06185,0.003707,0.03826
ZJ016731,0.219181,0.319676,0.305559,0.077156,0.001267,0.015256,0.01016,0.051746
ZJ016732,0.234091,0.000379,0.304944,0.0,1e-06,2.8e-05,0.460253,0.000303
ZJ016733,0.814934,0.010064,0.026811,1.2e-05,0.019474,0.000148,0.12601,0.002547
ZJ016734,0.131792,0.001396,0.073807,1.4e-05,0.000699,0.000393,0.786935,0.004964
ZJ016735,0.000894,0.0,3.8e-05,0.0,0.0,0.0,0.999068,0.0
ZJ016736,0.144153,0.014631,0.070402,1e-06,0.000893,0.00042,0.765067,0.004433
ZJ016737,0.218855,0.011184,0.138282,5.9e-05,0.00176,0.001145,0.611923,0.016792
ZJ016738,0.0,0.0,0.000404,0.0,0.0,0.999596,0.0,0.0
ZJ016739,0.020053,0.003408,0.023876,0.0,2e-06,2e-05,0.95263,1.1e-05
ZJ016740,0.585695,0.069214,0.319521,0.001956,0.000821,0.010512,0.007059,0.005223
ZJ016741,0.316204,0.028676,0.180946,1.7e-05,0.000942,0.002273,0.467441,0.003501
ZJ016742,0.134551,0.462758,0.11605,1e-06,0.000361,0.001374,0.276652,0.008253
ZJ016743,0.513574,0.017703,0.024173,0.0,0.001373,2e-05,0.441819,0.001338
ZJ016744,0.992387,2.6e-05,0.000189,0.0,0.005447,0.0,0.001916,3.3e-05
ZJ016745,0.007137,0.987166,0.005354,0.0,0.0,0.0,0.000293,4.9e-05
ZJ016746,0.983376,0.001986,0.004832,0.0,0.00312,3e-06,0.00654,0.000143
ZJ016747,0.000283,0.0,6e-06,0.0,0.0,0.0,0.999711,0.0
ZJ016748,0.04286,0.910444,0.028395,0.0,2.2e-05,9e-05,0.016294,0.001895
ZJ016749,0.067574,0.002183,0.148666,0.0,6e-06,0.00021,0.781169,0.000192
ZJ016750,0.04271,0.912673,0.022677,0.0,3.7e-05,4.8e-05,0.018069,0.003787
ZJ016751,0.000882,0.996219,0.001529,0.0,0.0,0.0,0.001367,2e-06
ZJ016752,0.0,1.0,0.0,0.0,0.0,0.0,0.0,0.0
ZJ016753,0.582497,0.081496,0.172814,0.001372,0.01811,0.00757,0.119465,0.016677
ZJ016754,0.022283,4.6e-05,0.908906,0.000448,8.7e-05,0.065031,4.5e-05,0.003154
ZJ016755,0.008448,1e-06,0.001137,0.0,0.0,0.0,0.990412,2e-06
ZJ016756,0.179382,0.03503,0.718622,5.2e-05,7.4e-05,0.06102,0.004698,0.001122
ZJ016757,0.0,0.999999,0.0,0.0,0.0,0.0,0.0,0.0
ZJ016758,0.070465,1.7e-05,0.001237,0.0,3.4e-05,0.0,0.928243,4e-06
ZJ016759,0.327878,0.374297,0.217709,0.003129,0.007492,0.011354,0.030349,0.027793
ZJ016760,0.000803,0.987803,0.001388,0.0,0.0,0.0,0.010006,0.0
ZJ016761,0.729361,0.006919,0.232686,0.000497,0.002702,0.009632,0.015725,0.002477
ZJ016762,0.17626,0.226924,0.28456,0.01303,0.008445,0.011533,0.075829,0.20342
ZJ016763,0.003152,0.000146,0.002969,0.0,0.0,0.0,0.993733,0.0
ZJ016764,0.138584,0.003375,0.843043,0.000306,4.5e-05,0.007117,0.004813,0.002717
ZJ016765,0.166358,0.020958,0.310295,9.3e-05,0.000663,0.005505,0.481627,0.014501
ZJ016766,0.349325,0.038299,0.362412,0.002498,0.018657,0.137679,0.081475,0.009654
ZJ016767,0.345485,0.172071,0.218051,0.000622,0.011019,0.019483,0.217718,0.015551
ZJ016768,0.638451,0.019505,0.091668,0.004549,0.031688,0.000759,0.113626,0.099754
ZJ016769,0.518295,0.029009,0.159947,0.001273,0.035371,0.018593,0.227307,0.010205
ZJ016770,0.307821,0.022545,0.203124,0.000361,0.006552,0.008289,0.441697,0.00961
ZJ016771,0.222391,0.041024,0.249629,0.011768,0.007,0.001367,0.038266,0.428556
ZJ016772,0.0,0.0,0.0,0.0,0.0,1.0,0.0,0.0
ZJ016773,0.950533,0.00437,0.026032,1.3e-05,0.004629,1.5e-05,0.009577,0.004831
ZJ016774,0.030065,0.003955,0.860571,0.0,2e-06,0.101538,0.003816,5.3e-05
ZJ016775,0.119438,0.040616,0.383934,9e-06,0.000189,0.007656,0.444746,0.003411
ZJ016776,0.105068,0.050767,0.145835,0.094045,0.003351,0.000486,0.009115,0.591334
ZJ016777,0.0,0.0,0.0,0.0,0.0,0.0,1.0,0.0
ZJ016778,0.07928,0.001139,0.111331,0.688794,0.003664,0.003997,0.000276,0.11152
ZJ016779,0.03316,0.940225,0.014696,0.0,1.1e-05,1.6e-05,0.010429,0.001463
ZJ016780,5.6e-05,0.0,0.000236,0.0,0.0,0.0,0.999708,0.0
ZJ016781,0.130307,0.111955,0.67362,0.000305,0.000196,0.015909,0.055275,0.012434
ZJ016782,0.932577,0.004218,0.044003,4.4e-05,0.002832,3.2e-05,0.009751,0.006542
ZJ016783,0.161517,0.367769,0.173886,5.6e-05,0.001527,0.002187,0.254456,0.038602
ZJ016784,0.470715,0.016494,0.187326,0.000822,0.006128,0.002203,0.285823,0.03049
ZJ016785,0.000536,0.0,0.000711,0.0,0.0,0.0,0.998753,0.0
ZJ016786,0.12851,0.003232,0.140587,0.626657,0.005039,0.013532,0.001017,0.081426
ZJ016787,0.159611,0.006731,0.111823,0.000328,0.000359,0.000143,0.45986,0.261145
ZJ016788,0.517241,0.034906,0.301721,0.00013,0.001547,0.009759,0.132174,0.002523
ZJ016789,0.004454,0.988975,0.003894,0.0,0.0,1e-06,0.002639,3.7e-05
ZJ016790,0.20167,0.004192,0.165306,0.008499,0.026843,0.023646,0.554884,0.014959
ZJ016791,0.702226,0.017676,0.186787,8.3e-05,0.001527,0.001651,0.08718,0.00287
ZJ016792,0.426078,0.029882,0.281202,0.004989,0.011671,0.025353,0.199314,0.021512
ZJ016793,0.558342,0.01541,0.359771,0.000874,0.000951,0.003742,0.051837,0.009072
ZJ016794,0.983119,0.000253,0.012547,1e-06,0.000372,6e-06,0.003588,0.000113
ZJ016795,0.323607,0.094641,0.378261,0.012482,0.009558,0.013289,0.064081,0.104081
ZJ016796,3.8e-05,0.0,1.5e-05,0.0,0.0,0.0,0.999947,0.0
ZJ016797,0.001119,0.0,1.4e-05,0.0,0.0,0.0,0.998866,0.0
ZJ016798,0.000641,0.000668,0.049745,0.0,1e-06,0.948736,0.000181,2.8e-05
ZJ016799,0.000534,0.997592,0.000714,0.0,0.0,0.0,0.001158,1e-06
ZJ016800,0.185276,0.286191,0.260202,0.005359,0.005755,0.009408,0.13013,0.11768
ZJ016801,0.162855,0.011681,0.560222,0.000105,3.1e-05,0.000972,0.255676,0.008459
ZJ016802,0.0,0.0,0.000189,0.0,0.0,0.999811,0.0,0.0
ZJ016803,0.177994,0.069547,0.315539,0.000916,0.004766,0.020489,0.372104,0.038646
ZJ016804,0.187989,0.559962,0.235435,7.1e-05,6.9e-05,0.004743,0.009432,0.002299
ZJ016805,0.09298,0.001557,0.245594,0.182132,0.080784,0.360772,0.002252,0.033929
ZJ016806,0.0,0.0,0.0,0.0,1.0,0.0,0.0,0.0
ZJ016807,0.39267,0.038734,0.463434,0.004271,0.004119,0.018398,0.053302,0.025072
ZJ016808,0.123795,0.053657,0.752928,7e-06,2e-06,0.001001,0.068043,0.000568
ZJ016809,0.342649,0.010389,0.13297,0.248889,0.002427,0.000437,0.002432,0.259807
ZJ016810,3e-06,0.0,0.0,0.0,0.999997,0.0,0.0,0.0
ZJ016811,0.234855,0.217261,0.387333,0.003115,0.002237,0.0153,0.103337,0.036561
ZJ016812,0.0,0.0,9.1e-05,0.0,0.0,0.999909,0.0,0.0
ZJ016813,0.144114,0.077634,0.296283,0.000205,0.000723,0.001377,0.355172,0.124493
ZJ016814,0.16538,0.007784,0.119169,0.355507,0.001427,0.000228,0.000652,0.349855
ZJ016815,0.210227,0.107856,0.562968,1.4e-05,6.4e-05,0.010093,0.10788,0.0009
ZJ016816,0.468119,0.044583,0.429767,0.000419,0.000507,0.008553,0.043726,0.004326
ZJ016817,0.0,0.0,0.0,0.0,0.0,0.0,1.0,0.0
ZJ016818,0.582637,0.016973,0.372295,0.000982,0.000544,0.007016,0.015697,0.003856
ZJ016819,0.332203,0.003703,0.054872,3e-06,0.001608,1e-04,0.605054,0.002456
ZJ016820,0.0,0.0,1.8e-05,0.0,0.0,0.999982,0.0,0.0
ZJ016821,0.001002,0.0,2.5e-05,0.0,0.998961,0.0,9e-06,3e-06
ZJ016822,0.853186,0.014195,0.082791,2.9e-05,0.001554,0.000279,0.046006,0.00196
ZJ016823,0.0009,3.7e-05,0.002096,0.0,0.0,0.0,0.996967,0.0
ZJ016824,0.036057,0.000132,0.239671,0.08593,0.072992,0.549267,0.000236,0.015714
ZJ016825,0.026525,0.000356,0.116783,0.103208,6e-05,8e-06,7.3e-05,0.752987
ZJ016826,0.122819,0.273828,0.157006,0.0,0.000298,0.005584,0.438938,0.001526
ZJ016827,0.426621,0.005271,0.394856,6.2e-05,9.4e-05,0.000513,0.167417,0.005165
ZJ016828,0.398172,0.020364,0.178778,0.150456,0.008974,0.001971,0.0118,0.229486
ZJ016829,2e-06,0.0,0.0,0.0,0.999998,0.0,0.0,0.0
ZJ016830,0.131875,0.003065,0.632579,0.040853,0.001894,0.007572,0.003508,0.178654
ZJ016831,0.0,0.0,0.0,0.0,0.0,1.0,0.0,0.0
ZJ016832,0.999999,0.0,0.0,0.0,0.0,0.0,0.0,0.0
ZJ016833,0.123847,0.009566,0.308385,0.019772,0.031272,0.476033,0.014351,0.016774
ZJ016834,8.1e-05,1e-06,0.000321,0.0,0.0,0.0,0.99959,7e-06
ZJ016835,0.254771,0.015559,0.247105,0.000236,0.003769,0.015798,0.455591,0.007169
ZJ016836,0.999835,1e-06,6.7e-05,0.0,1.9e-05,0.0,7.6e-05,2e-06
ZJ016837,0.155146,0.024783,0.473572,1e-06,1.4e-05,0.001831,0.344168,0.000486
ZJ016838,0.129835,0.362332,0.114851,0.0,0.000139,0.001393,0.390383,0.001067
ZJ016839,0.14612,0.055327,0.657464,1e-06,4e-06,0.00295,0.137958,0.000175
ZJ016840,0.005846,0.0,0.000331,0.0,0.0,0.0,0.993823,0.0
ZJ016841,1.0,0.0,0.0,0.0,0.0,0.0,0.0,0.0
ZJ016842,0.4579,0.110447,0.211765,0.004528,0.042701,0.028772,0.112782,0.031105
ZJ016843,0.64137,0.007476,0.260388,0.02003,0.002733,0.001938,0.008554,0.057511
ZJ016844,0.063542,0.042447,0.62263,1e-06,4.1e-05,0.034957,0.235969,0.000413
ZJ016845,0.170144,0.000533,0.804196,0.012929,3.7e-05,0.006548,0.000358,0.005255
ZJ016846,0.000805,7e-06,0.998609,0.0,0.0,0.000576,1e-06,2e-06
ZJ016847,0.878478,0.001265,0.057608,0.000146,0.00555,0.000272,0.053629,0.003053
ZJ016848,0.523482,0.02607,0.38337,0.000436,0.000995,0.009144,0.052576,0.003927
ZJ016849,7.3e-05,0.0,0.001107,0.998515,0.0,0.0,0.0,0.000305
ZJ016850,0.349011,0.369141,0.260874,0.001003,0.000285,0.004512,0.009598,0.005575
ZJ016851,0.132603,0.00134,0.757909,0.038389,0.000505,0.006299,0.001191,0.061765
ZJ016852,0.238463,0.00291,0.660457,0.008553,0.002119,0.006779,0.003121,0.077598
ZJ016853,0.0,0.0,0.0,0.0,0.0,1.0,0.0,0.0
ZJ016854,0.109174,0.010251,0.307053,1e-06,8.6e-05,0.002416,0.569764,0.001255
ZJ016855,0.443642,0.012694,0.509838,0.001209,0.000183,0.0092,0.020292,0.002942
ZJ016856,0.673168,0.046097,0.206679,0.005855,0.008787,0.005035,0.027473,0.026904
ZJ016857,0.02595,5.6e-05,0.08902,0.70591,0.001756,0.001132,1.9e-05,0.176157
ZJ016858,0.044284,0.012297,0.107008,0.0,2.5e-05,0.000525,0.834885,0.000977
ZJ016859,0.649624,0.015924,0.164677,0.036086,0.006948,0.000925,0.013287,0.112528
ZJ016860,0.0,0.0,0.0,0.0,0.0,1.0,0.0,0.0
ZJ016861,0.144314,0.003473,0.155758,0.531071,0.001652,0.001755,0.000514,0.161462
ZJ016862,0.001005,0.997147,0.001028,0.0,0.0,0.0,0.000818,2e-06
ZJ016863,0.143748,0.42732,0.246757,0.003108,0.003202,0.012435,0.093239,0.070191
ZJ016864,0.217774,0.033223,0.712077,2e-06,6e-06,0.001703,0.034907,0.000307
ZJ016865,0.603951,0.0,4e-06,0.0,1.1e-05,0.0,0.396034,0.0
ZJ016866,0.592809,0.006983,0.056097,3.4e-05,0.019833,0.001963,0.321175,0.001105
ZJ016867,0.663114,0.016678,0.238496,0.00195,0.009606,0.016467,0.04586,0.007827
ZJ016868,0.112465,0.081182,0.685193,4e-06,2e-05,0.011547,0.108992,0.000597
ZJ016869,0.143502,0.029503,0.479658,8e-06,7.4e-05,0.004166,0.340944,0.002145
ZJ016870,0.0,1.0,0.0,0.0,0.0,0.0,0.0,0.0
ZJ016871,0.947255,0.006459,0.031773,4e-05,0.00403,3.4e-05,0.005367,0.005043
ZJ016872,0.158296,0.007057,0.256274,0.000697,0.003777,0.550862,0.022339,0.000698
ZJ016873,0.17669,0.012124,0.149721,3e-06,0.000456,0.000878,0.655794,0.004335
ZJ016874,0.072186,0.052788,0.443187,3e-06,4.9e-05,0.002894,0.422287,0.006607
ZJ016875,0.350849,0.017494,0.568579,2e-06,1.8e-05,0.000964,0.061609,0.000485
ZJ016876,0.161432,0.015655,0.097947,0.0,0.000173,0.000223,0.721664,0.002906
ZJ016877,0.999896,1e-06,2.7e-05,0.0,2.4e-05,0.0,5.2e-05,0.0
ZJ016878,0.227942,0.004866,0.737572,0.001461,0.000451,0.005895,0.00627,0.015544
ZJ016879,0.001207,0.997793,0.000803,0.0,0.0,0.0,0.00019,8e-06
ZJ016880,0.686335,0.023467,0.23493,0.000995,0.005261,0.008642,0.03351,0.00686
ZJ016881,0.0,1.0,0.0,0.0,0.0,0.0,0.0,0.0
ZJ016882,0.073199,0.055361,0.089551,0.0,0.000199,0.001296,0.779872,0.000523
ZJ016883,0.049249,0.00758,0.116277,0.0,1.1e-05,0.00031,0.82609,0.000483
ZJ016884,0.99996,0.0,0.0,0.0,1.4e-05,0.0,2.6e-05,0.0
ZJ016885,1e-06,0.0,2e-06,0.0,0.0,0.0,0.999997,0.0
ZJ016886,0.417877,6e-05,0.000731,0.0,0.000137,0.0,0.581189,6e-06
ZJ016887,1.8e-05,0.0,0.011106,0.0,0.0,0.988876,0.0,0.0
ZJ016888,0.468399,0.005893,0.249954,0.225761,0.001071,0.004214,0.002507,0.0422
ZJ016889,1e-06,0.999996,3e-06,0.0,0.0,0.0,1e-06,0.0
ZJ016890,0.158804,0.002114,0.824262,0.000689,0.000103,0.006298,0.002475,0.005256
ZJ016891,0.399024,0.103896,0.361945,0.000442,0.001752,0.015223,0.111346,0.006373
ZJ016892,0.597018,0.013634,0.36978,0.000841,0.000337,0.003651,0.010546,0.004194
ZJ016893,0.989311,2e-05,0.000106,0.0,0.002124,0.0,0.008435,4e-06
ZJ016894,0.0502,0.001236,0.229819,0.000146,0.004116,0.710168,0.003516,0.0008
ZJ016895,0.000216,0.000124,0.032939,0.0,0.0,0.966679,3.2e-05,1.1e-05
ZJ016896,0.097651,0.001973,0.112934,1e-06,0.000415,0.002101,0.784412,0.000515
ZJ016897,0.0,0.0,0.0,0.0,0.0,0.0,0.999999,0.0
ZJ016898,0.596983,0.005627,0.343092,0.017579,0.000988,0.002681,0.004836,0.028213
ZJ016899,0.125792,0.003526,0.077779,1e-06,0.000305,0.000369,0.790716,0.001512
ZJ016900,0.060862,0.001041,0.305226,0.263468,0.075076,0.168027,0.000836,0.125466
ZJ016901,0.0,0.0,0.0,0.0,0.0,1.0,0.0,0.0
ZJ016902,0.998666,5.3e-05,0.000389,0.0,0.000112,0.0,0.000773,7e-06
ZJ016903,0.144577,0.024183,0.280435,0.001095,0.004364,0.010643,0.474267,0.060435
ZJ016904,0.376633,0.015734,0.38708,0.110132,0.006504,0.064051,0.013559,0.026307
ZJ016905,0.044717,0.002642,0.287792,0.001166,0.000351,0.660771,0.00076,0.0018
ZJ016906,0.37811,0.020706,0.548837,0.002227,0.000967,0.01363,0.02637,0.009154
ZJ016907,0.978366,4e-06,2.3e-05,0.0,0.020955,0.0,0.000652,1e-06
ZJ016908,0.0,0.0,0.0,0.0,0.0,0.0,1.0,0.0
ZJ016909,0.0,0.0,0.0,0.0,0.0,1.0,0.0,0.0
ZJ016910,0.960951,0.000428,0.012836,2e-06,0.013812,0.001419,0.010528,2.5e-05
ZJ016911,0.000726,0.996227,0.001507,0.0,0.0,0.0,0.001532,7e-06
ZJ016912,0.100999,0.022011,0.244537,5e-06,0.000246,0.003442,0.620581,0.008179
ZJ016913,0.475424,0.01941,0.425604,1.9e-05,0.000111,0.004049,0.074703,0.000681
ZJ016914,0.134702,0.079123,0.126249,0.029557,0.005139,0.000387,0.018805,0.606038
ZJ016915,0.0,0.0,7.7e-05,0.0,0.0,0.999923,0.0,0.0
ZJ016916,0.124329,0.01559,0.179992,0.45137,0.008149,0.007044,0.003157,0.21037
ZJ016917,0.203002,0.449233,0.149603,9e-06,0.000545,0.001371,0.185763,0.010475
ZJ016918,0.799349,0.002883,0.186236,0.000477,0.000954,0.00251,0.005476,0.002114
ZJ016919,0.999963,0.0,1e-06,0.0,1.4e-05,0.0,2.3e-05,0.0
ZJ016920,0.0,0.0,0.0,0.0,0.0,1.0,0.0,0.0
ZJ016921,0.31352,0.017172,0.150137,1.6e-05,0.00231,0.002855,0.510816,0.003175
ZJ016922,0.175692,0.052452,0.575384,1.3e-05,2.4e-05,0.002897,0.192293,0.001244
ZJ016923,0.12294,0.002573,0.71419,0.002855,0.001136,0.147653,0.002132,0.00652
ZJ016924,0.214844,0.440886,0.200076,0.000265,0.00157,0.003963,0.117383,0.021012
ZJ016925,0.0,0.0,0.0,0.0,0.0,1.0,0.0,0.0
ZJ016926,0.121034,0.003638,0.642174,0.003974,0.003223,0.212875,0.004024,0.009058
ZJ016927,0.0,0.0,0.0,0.0,0.0,0.0,1.0,0.0
ZJ016928,0.277017,6e-06,0.000624,0.0,1.2e-05,0.0,0.722336,6e-06
ZJ016929,0.030612,0.936584,0.012099,0.0,1.3e-05,1.7e-05,0.020076,0.000599
ZJ016930,0.026962,0.813172,0.033478,0.0,1.5e-05,0.000212,0.12474,0.001422
ZJ016931,0.060498,0.002077,0.161949,0.136404,0.000682,0.000144,0.00088,0.637367
ZJ016932,0.886942,0.004683,0.096569,0.000562,0.00127,0.001078,0.007133,0.001764
ZJ016933,0.003171,0.000117,0.005911,0.0,0.0,1e-06,0.990778,2.1e-05
ZJ016934,0.086675,0.002391,0.310316,0.077679,0.001318,0.00078,0.001826,0.519014
ZJ016935,2e-06,0.999996,2e-06,0.0,0.0,0.0,0.0,0.0
ZJ016936,0.039552,3.5e-05,0.000485,0.0,0.011207,0.0,0.948674,4.6e-05
ZJ016937,1e-06,0.999997,2e-06,0.0,0.0,0.0,1e-06,0.0
ZJ016938,0.0,0.0,1e-06,0.0,0.0,0.999999,0.0,0.0
ZJ016939,0.13707,0.071126,0.590732,1.7e-05,6.4e-05,0.009044,0.190132,0.001816
ZJ016940,0.0,0.0,0.0,0.0,1.0,0.0,0.0,0.0
ZJ016941,0.147899,0.003987,0.127875,0.257887,0.001236,0.000202,0.000625,0.46029
ZJ016942,0.0,0.0,0.0,0.0,0.0,0.0,1.0,0.0
ZJ016943,0.410131,0.063523,0.24778,2.8e-05,0.000399,0.001354,0.271161,0.005623
ZJ016944,0.43578,0.031249,0.164257,0.018221,0.022258,0.002763,0.094816,0.230656
ZJ016945,0.09013,0.023055,0.331504,2.9e-05,0.000441,0.007875,0.537522,0.009443
ZJ016946,0.074282,0.030922,0.076673,0.0,0.000467,0.001151,0.815627,0.000877
ZJ016947,0.251247,0.033247,0.655659,2.1e-05,9.6e-05,0.005286,0.052951,0.001492
ZJ016948,0.143601,0.028177,0.57861,3e-06,8e-06,0.001808,0.246946,0.000846
ZJ016949,0.057959,0.00036,0.547114,0.008319,0.000113,0.00038,0.000352,0.385403
ZJ016950,0.996333,2e-06,3e-06,0.0,0.002428,0.0,0.001234,0.0
ZJ016951,0.243028,0.009891,0.140454,0.223427,0.00309,0.000641,0.002736,0.376733
ZJ016952,0.150103,0.540024,0.146269,0.0,0.000122,0.002151,0.160123,0.001208
ZJ016953,0.467232,0.02278,0.417593,4.7e-05,0.00029,0.006228,0.08438,0.00145
ZJ016954,0.046011,0.001922,0.105055,0.0,9e-06,4.5e-05,0.833141,0.013817
ZJ016955,0.985218,4.3e-05,0.000261,0.0,0.004163,0.0,0.010267,4.7e-05
ZJ016956,0.378232,0.13307,0.36484,0.001065,0.002837,0.022123,0.085804,0.012029
ZJ016957,0.105467,0.005833,0.332444,0.009223,0.012197,0.515784,0.012786,0.006266
ZJ016958,0.0,0.0,1e-06,0.0,0.0,0.999999,0.0,0.0
ZJ016959,0.284392,0.000754,0.70184,0.003876,4.4e-05,0.004452,0.000427,0.004215
ZJ016960,0.607288,0.005877,0.348164,0.000191,0.001732,0.026725,0.008793,0.00123
ZJ016961,0.121592,0.008427,0.855207,1.2e-05,1.2e-05,0.002976,0.011024,0.00075
ZJ016962,0.037453,0.000413,0.138247,0.545077,0.010737,0.005474,0.000237,0.262362
ZJ016963,0.118581,0.021763,0.643449,1.1e-05,1.3e-05,0.212871,0.003177,0.000135
ZJ016964,0.010139,0.968758,0.009748,0.0,0.0,8e-06,0.011305,4.1e-05
ZJ016965,0.503548,0.005503,0.417086,0.022066,0.000541,0.038249,0.010785,0.002222
ZJ016966,0.115371,0.013028,0.138836,0.699277,0.000222,0.004436,0.000229,0.028599
ZJ016967,0.250459,0.00961,0.257706,0.000383,0.009619,0.433302,0.038273,0.000648
ZJ016968,0.658574,0.000107,0.003224,0.0,0.000236,0.0,0.337847,1.2e-05
ZJ016969,0.902888,0.029592,0.004738,0.0,0.004496,1e-06,0.057916,0.00037
ZJ016970,0.006829,0.029668,0.697026,0.0,0.0,0.000185,0.266291,1e-06
ZJ016971,0.402354,0.051336,0.119974,0.003274,0.218219,0.028522,0.147376,0.028945
ZJ016972,0.127382,0.000772,0.472714,0.159905,0.003013,0.22513,0.000489,0.010595
ZJ016973,7.2e-05,0.0,4.5e-05,0.0,0.0,0.0,0.999883,0.0
ZJ016974,0.193914,0.013644,0.777427,4e-06,4e-06,0.001595,0.013118,0.000294
ZJ016975,0.0,0.0,0.0,0.0,0.0,0.0,1.0,0.0
ZJ016976,7e-05,0.999905,2e-05,0.0,0.0,0.0,5e-06,0.0
ZJ016977,0.0,0.0,8.5e-05,0.0,0.0,0.999915,0.0,0.0
ZJ016978,0.045198,0.002692,0.272497,0.0,0.0,0.000128,0.679475,1.1e-05
ZJ016979,0.127584,0.260105,0.365638,0.001263,0.00144,0.156814,0.06652,0.020634
ZJ016980,0.0,1.0,0.0,0.0,0.0,0.0,0.0,0.0
ZJ016981,0.82814,0.014206,0.130124,0.001038,0.000923,0.000169,0.01048,0.014921
ZJ016982,0.435978,0.051006,0.476144,0.000157,0.000135,0.008152,0.026758,0.00167
ZJ016983,0.394119,0.056793,0.181954,0.101552,0.008355,0.001695,0.019858,0.235674
ZJ016984,0.195292,0.308399,0.29526,0.159608,0.000194,0.006173,0.002837,0.032238
ZJ016985,0.21595,0.015521,0.260859,0.00022,0.003141,0.012662,0.482318,0.00933
ZJ016986,0.367732,0.060536,0.352576,0.153057,0.002279,0.034728,0.003381,0.02571
ZJ016987,0.22672,0.005514,0.214446,0.000254,0.006399,0.520479,0.025857,0.000332
ZJ016988,0.580599,0.073618,0.312556,0.016241,0.0004,0.007151,0.001668,0.007768
ZJ016989,2e-06,0.0,0.002768,0.0,0.0,0.99723,0.0,0.0
ZJ016990,0.235908,0.259233,0.237625,0.000232,0.004491,0.017778,0.230969,0.013765
ZJ016991,0.0,0.0,1e-06,0.0,0.0,0.999999,0.0,0.0
ZJ016992,0.0,0.0,0.0,0.0,0.0,0.0,1.0,0.0
ZJ016993,0.735828,0.007414,0.021296,3e-06,0.00939,5.4e-05,0.22402,0.001994
ZJ016994,0.137209,0.17894,0.581486,0.00025,0.000413,0.045724,0.045417,0.010561
ZJ016995,0.564351,0.03169,0.158934,0.001349,0.036506,0.008958,0.17937,0.018844
ZJ016996,0.179961,0.654504,0.079236,3e-06,0.000514,0.000552,0.080784,0.004446
ZJ016997,0.556428,0.01395,0.255798,4e-06,0.000263,0.002503,0.17058,0.000474
ZJ016998,0.338848,0.108125,0.365058,0.000993,0.004216,0.037411,0.135372,0.009977
ZJ016999,0.0,0.0,0.0,0.0,0.0,1.0,0.0,0.0
ZJ017000,0.0,1.0,1e-06,0.0,0.0,0.0,0.0,0.0
ZJ017001,0.150338,0.021395,0.262107,0.035727,0.004242,0.002108,0.024903,0.499179
ZJ017002,0.0,0.0,0.0,0.0,1.0,0.0,0.0,0.0
ZJ017003,0.052706,0.002683,0.171279,0.288168,0.134778,0.02422,0.017575,0.308591
ZJ017004,0.998533,2.6e-05,5.1e-05,0.0,0.000443,0.0,0.000946,1e-06
ZJ017005,0.165883,0.412557,0.270337,0.001332,0.001619,0.007614,0.099131,0.041528
ZJ017006,0.239788,0.035659,0.244903,9e-05,0.001656,0.006555,0.461905,0.009444
ZJ017007,0.079818,0.001762,0.349984,0.002167,0.005397,0.554968,0.00269,0.003215
ZJ017008,0.558638,0.020458,0.360143,0.001527,0.002479,0.016737,0.034146,0.005872
ZJ017009,0.217283,0.040693,0.445539,0.000277,0.000485,0.005714,0.276099,0.013911
ZJ017010,0.053856,0.001053,0.130244,0.487509,0.144067,0.022632,0.026563,0.134078
ZJ017011,0.003525,0.003383,0.00394,0.0,0.0,0.0,0.976034,0.013118
ZJ017012,0.596847,0.014549,0.238542,0.000121,0.002323,0.008353,0.137388,0.001876
ZJ017013,0.324059,0.02512,0.170209,0.259068,0.005804,0.002568,0.007449,0.205722
ZJ017014,0.07763,0.007657,0.121478,0.024257,0.000554,8.3e-05,0.005363,0.762977
ZJ017015,0.071101,0.051258,0.175796,0.0,6.1e-05,0.001357,0.697445,0.002983
ZJ017016,0.094525,0.071562,0.505023,0.0,4e-06,0.001375,0.326971,0.000541
ZJ017017,0.272197,0.346476,0.367896,0.00052,4.3e-05,0.006954,0.003292,0.002622
ZJ017018,0.992839,3e-06,2e-06,0.0,0.00042,0.0,0.006737,0.0
ZJ017019,0.37355,0.003418,0.554257,0.00335,0.001187,0.047652,0.0125,0.004086
ZJ017020,0.996415,0.0,1e-06,0.0,0.003491,0.0,9.4e-05,0.0
ZJ017021,3.3e-05,0.0,7.4e-05,0.0,0.0,0.0,0.999893,0.0
ZJ017022,0.285942,0.01293,0.294313,0.000287,0.000641,0.002086,0.385895,0.017907
ZJ017023,0.367673,0.045714,0.519712,4e-05,0.000187,0.008191,0.057126,0.001358
ZJ017024,0.014092,0.703392,0.215418,0.0,6e-06,0.003372,0.059554,0.004166
ZJ017025,0.306819,0.022208,0.55805,0.002678,0.001695,0.065291,0.035327,0.007932
ZJ017026,0.175745,0.009143,0.504005,0.00015,6.9e-05,0.308701,0.002008,0.000179
ZJ017027,0.18693,0.000948,0.357927,0.418428,0.000112,0.006148,0.000157,0.02935
ZJ017028,0.020644,0.673164,0.090712,0.0,1e-06,0.000197,0.215101,0.000181
ZJ017029,0.062418,0.004355,0.212082,0.32576,0.014049,0.009844,0.003236,0.368255
ZJ017030,0.01014,0.979114,0.008345,0.0,0.0,3e-06,0.002198,0.000199
ZJ017031,0.314466,0.0203,0.588472,0.001958,0.000526,0.002724,0.039102,0.032453
ZJ017032,0.418005,0.000865,0.485854,0.079809,0.00012,0.007572,0.000773,0.007001
ZJ017033,0.160178,0.535453,0.071067,1e-05,0.002387,0.000522,0.195336,0.035046
ZJ017034,0.147541,0.000939,0.037509,0.000297,0.788185,0.011493,0.008978,0.005058
ZJ017035,0.887443,0.005341,0.010508,1e-06,0.030456,7.3e-05,0.065738,0.00044
ZJ017036,0.97903,0.000237,0.017673,1e-06,0.00062,1.9e-05,0.002278,0.000141
ZJ017037,0.093011,0.055743,0.776962,0.0,0.0,0.001253,0.072994,3.7e-05
ZJ017038,0.002056,0.99647,0.001287,0.0,0.0,0.0,0.000182,5e-06
ZJ017039,0.0,0.0,0.0,0.0,0.0,0.0,1.0,0.0
ZJ017040,0.483369,0.029428,0.160716,0.018481,0.024781,0.002563,0.085702,0.194959
ZJ017041,0.010369,0.0,0.000145,0.0,0.0,0.0,0.989486,0.0
ZJ017042,0.06971,0.000509,0.598252,0.031076,0.000131,0.000426,0.000322,0.299574
ZJ017043,0.066646,0.001736,0.796667,0.00135,0.000583,0.120165,0.001427,0.011426
ZJ017044,0.016393,0.966312,0.010047,0.0,2e-06,6e-06,0.0063,0.000941
ZJ017045,0.117097,0.714712,0.129174,1.1e-05,7.3e-05,0.001585,0.034749,0.002599
ZJ017046,0.089794,0.015919,0.595459,0.002865,0.003752,0.251018,0.008965,0.032229
ZJ017047,0.0,0.0,0.0,0.0,0.0,1.0,0.0,0.0
ZJ017048,4.1e-05,0.0,0.000166,0.0,0.0,0.0,0.999793,0.0
ZJ017049,0.068365,0.827699,0.076846,1e-06,1.8e-05,0.000324,0.024629,0.002118
ZJ017050,0.277458,0.017347,0.134317,0.337068,0.002577,0.000649,0.002324,0.228259
ZJ017051,0.360296,0.06882,0.388453,0.147382,0.000301,0.012971,0.001196,0.02058
ZJ017052,0.192439,0.30431,0.089594,0.000656,0.004974,0.000437,0.122645,0.284946
ZJ017053,0.358873,0.018537,0.353784,0.011328,0.002917,0.004572,0.199353,0.050636
ZJ017054,0.784152,0.053204,0.1132,0.000737,0.003144,0.000338,0.028681,0.016543
ZJ017055,0.0,0.0,0.0,0.0,0.0,1.0,0.0,0.0
