,antelope_duiker,bird,blank,civet_genet,hog,leopard,monkey_prosimian,rodent
ZJ016488,0.043659,0.011063,0.086748,0.484346,0.036164,0.008743,0.001666,0.32761
ZJ016489,0.159788,0.229522,0.157127,0.011991,0.030244,0.022108,0.280912,0.108309
ZJ016490,0.045515,0.005149,0.086593,0.562112,0.039846,0.005955,0.00068,0.254151
ZJ016491,0.0,0.0,3e-06,0.0,0.0,0.999997,0.0,0.0
ZJ016492,0.193457,0.304384,0.096557,0.013214,0.013772,0.017782,0.266445,0.094389
ZJ016493,0.299717,0.233028,0.108892,0.007326,0.017673,0.033637,0.232106,0.067622
ZJ016494,0.276699,0.193931,0.160492,0.008217,0.028885,0.045452,0.196281,0.090042
ZJ016495,0.048044,0.336036,0.062066,0.001074,0.001313,0.007844,0.516918,0.026704
ZJ016496,0.305448,0.288925,0.108966,0.005581,0.013051,0.019982,0.187408,0.07064
ZJ016497,0.060303,0.400673,0.1048,0.000993,0.001836,0.007334,0.385436,0.038626
ZJ016498,0.16487,0.250392,0.13438,0.022429,0.036208,0.092845,0.20889,0.089986
ZJ016499,0.250395,0.190022,0.157936,0.000893,0.00796,0.012774,0.327121,0.052898
ZJ016500,0.308341,0.189616,0.116626,0.009629,0.020375,0.030944,0.25779,0.066679
ZJ016501,0.097545,0.033844,0.19703,0.228347,0.120398,0.036353,0.008061,0.278422
ZJ016502,0.10662,0.058388,0.147147,0.214102,0.038576,0.010987,0.008947,0.415233
ZJ016503,0.108418,0.378767,0.08511,0.014708,0.007448,0.013239,0.276422,0.115888
ZJ016504,0.22515,0.25026,0.151682,0.019442,0.043419,0.045891,0.147387,0.116769
ZJ016505,0.1892,0.230997,0.163002,0.044915,0.063292,0.043704,0.098239,0.16665
ZJ016506,0.07757,0.089751,0.089004,0.000357,0.002156,0.006839,0.715205,0.019119
ZJ016507,0.136122,0.293219,0.124246,0.004066,0.008035,0.018491,0.353093,0.062728
ZJ016508,0.099592,0.088624,0.165113,0.15297,0.051627,0.015798,0.018586,0.40769
ZJ016509,0.07414,0.454798,0.064242,0.004009,0.002085,0.005837,0.340456,0.054436
ZJ016510,0.154413,0.071855,0.153743,0.174932,0.03264,0.009546,0.011614,0.391258
ZJ016511,0.181417,0.059293,0.239336,0.077483,0.040243,0.006097,0.006604,0.389526
ZJ016512,0.128647,0.118121,0.175753,0.002714,0.011409,0.236001,0.299939,0.027416
ZJ016513,0.110374,0.208913,0.122624,0.001954,0.005981,0.010504,0.488582,0.051067
ZJ016514,0.029377,0.0009,0.0616,0.704716,0.026841,0.001692,7e-05,0.174803
ZJ016515,0.043473,0.174404,0.147877,0.000106,0.000626,0.074673,0.549534,0.009307
ZJ016516,0.188534,0.261746,0.190888,0.017925,0.02619,0.019619,0.060032,0.235066
ZJ016517,0.127157,0.308503,0.186648,0.009802,0.022763,0.025499,0.204168,0.115461
ZJ016518,0.174026,0.003735,0.221382,0.234592,0.254884,0.013439,0.002135,0.095807
ZJ016519,0.197632,0.162644,0.33502,0.005743,0.068073,0.026188,0.053837,0.150863
ZJ016520,0.025,0.003204,0.059007,0.569437,0.017213,0.001811,0.000245,0.324084
ZJ016521,0.142025,0.055998,0.310585,0.003232,0.030001,0.282444,0.13857,0.037145
ZJ016522,0.349411,0.033901,0.345936,0.011508,0.107754,0.031228,0.02469,0.095573
ZJ016523,0.187088,0.329149,0.105936,0.038667,0.025762,0.029995,0.131734,0.151668
ZJ016524,0.151075,0.342434,0.214687,0.002075,0.005362,0.010736,0.129803,0.143829
ZJ016525,0.0855,0.30809,0.166126,0.047764,0.030463,0.054852,0.137126,0.170079
ZJ016526,0.205831,0.297819,0.106545,0.033713,0.031954,0.029804,0.165997,0.128337
ZJ016527,0.007147,0.00395,0.056132,0.707858,0.021648,0.036466,0.000339,0.166461
ZJ016528,0.144183,0.280287,0.208117,0.001975,0.010732,0.012822,0.258091,0.083793
ZJ016529,0.090433,0.457448,0.080875,0.002584,0.002087,0.014657,0.302415,0.049501
ZJ016530,0.089282,0.307281,0.271228,0.002673,0.01299,0.011739,0.18657,0.118236
ZJ016531,0.015616,0.003613,0.067409,0.671023,0.021988,0.011433,0.000344,0.208573
ZJ016532,0.000165,4.4e-05,0.004795,5e-06,2.5e-05,0.994809,0.000117,4e-05
ZJ016533,0.053747,0.249993,0.095814,0.001081,0.001976,0.00842,0.556234,0.032734
ZJ016534,0.028725,0.005564,0.067287,0.543825,0.025423,0.005118,0.000632,0.323425
ZJ016535,0.041081,0.114288,0.055433,0.000423,0.001089,0.003669,0.766658,0.017359
ZJ016536,0.310164,0.205062,0.148861,0.003085,0.017055,0.028148,0.21946,0.068166
ZJ016537,0.092347,0.1789,0.109962,0.000341,0.002457,0.010768,0.580146,0.025078
ZJ016538,0.07418,0.337372,0.116688,0.048936,0.007232,0.062571,0.069627,0.283394
ZJ016539,0.12458,0.208953,0.167157,0.000512,0.003065,0.037993,0.429897,0.027842
ZJ016540,0.190514,0.307182,0.104357,0.007931,0.012013,0.022863,0.285735,0.069404
ZJ016541,0.140868,0.227901,0.23297,0.005013,0.021399,0.027077,0.238723,0.10605
ZJ016542,0.0517,0.013261,0.09351,0.434355,0.032735,0.006692,0.002065,0.365681
ZJ016543,0.06604,0.01191,0.112749,0.465861,0.056243,0.010751,0.002135,0.274311
ZJ016544,0.338049,0.198719,0.13898,0.003567,0.015045,0.028476,0.216683,0.060482
ZJ016545,0.125872,0.297148,0.131306,0.003942,0.007833,0.019766,0.35078,0.063353
ZJ016546,0.005376,0.003735,0.059787,0.003492,0.004651,0.913504,0.004627,0.004829
ZJ016547,0.150753,0.092968,0.211086,0.104628,0.065217,0.015489,0.021692,0.338166
ZJ016548,0.142337,0.089334,0.217786,0.106431,0.09411,0.027534,0.029569,0.292899
ZJ016549,0.236511,0.131609,0.13525,0.002214,0.013037,0.019424,0.411929,0.050025
ZJ016550,0.271718,0.253892,0.140354,0.008981,0.023794,0.021868,0.189111,0.090283
ZJ016551,0.210991,0.247012,0.075405,0.001748,0.004365,0.008225,0.413041,0.039213
ZJ016552,0.186868,0.14426,0.095428,0.00114,0.003126,0.010527,0.52679,0.031861
ZJ016553,0.276678,0.180814,0.151925,0.010948,0.024417,0.064755,0.208873,0.081589
ZJ016554,0.33966,0.166232,0.136881,0.000554,0.006886,0.009672,0.295486,0.044629
ZJ016555,0.182092,0.260809,0.121161,0.068478,0.033846,0.031562,0.091859,0.210194
ZJ016556,0.325715,0.176257,0.14411,0.001148,0.010338,0.014776,0.273562,0.054094
ZJ016557,0.090739,0.278498,0.140439,0.007128,0.010095,0.028014,0.373865,0.071222
ZJ016558,0.0,0.0,2e-06,0.0,0.0,0.999998,0.0,0.0
ZJ016559,0.308385,0.251025,0.10741,0.009444,0.01685,0.039833,0.195003,0.072051
ZJ016560,0.12525,0.230974,0.178545,0.003627,0.013414,0.040562,0.345295,0.062331
ZJ016561,0.647379,0.054414,0.129381,0.018221,0.027265,0.020692,0.06085,0.041798
ZJ016562,0.209359,0.182302,0.111268,0.004702,0.014413,0.021835,0.398903,0.057219
ZJ016563,0.096251,0.319106,0.071574,0.005784,0.006505,0.014301,0.428894,0.057585
ZJ016564,0.321669,0.215263,0.08716,0.003055,0.010414,0.021088,0.294392,0.046958
ZJ016565,1e-06,0.0,0.000589,0.0,0.0,0.999408,2e-06,0.0
ZJ016566,0.049366,0.02321,0.243467,0.000581,0.007712,0.545539,0.120027,0.010098
ZJ016567,0.166035,0.102046,0.145164,0.169988,0.033793,0.015582,0.017954,0.349438
ZJ016568,1.9e-05,9e-06,0.003082,0.0,2e-06,0.996808,7.9e-05,1e-06
ZJ016569,0.11522,0.078937,0.2617,0.010975,0.050138,0.277869,0.145375,0.059787
ZJ016570,0.2967,0.251654,0.130496,0.00991,0.022238,0.030914,0.179127,0.078961
ZJ016571,0.177942,0.203025,0.232113,0.030461,0.065054,0.022803,0.065985,0.202616
ZJ016572,0.118229,0.316003,0.053087,0.002031,0.002122,0.005925,0.455552,0.04705
ZJ016573,0.129821,0.299292,0.202388,0.00287,0.006694,0.028745,0.230845,0.099344
ZJ016574,0.072654,0.089637,0.108167,0.260461,0.02985,0.033771,0.011621,0.393838
ZJ016575,0.006793,0.010627,0.070505,0.01586,0.007691,0.870542,0.003805,0.014177
ZJ016576,0.131528,0.388155,0.16167,0.006031,0.012015,0.012793,0.17947,0.108337
ZJ016577,0.07588,0.232005,0.124477,0.00041,0.001693,0.013442,0.525175,0.026918
ZJ016578,0.11216,0.186675,0.107264,0.000792,0.002772,0.007119,0.546757,0.03646
ZJ016579,0.207263,0.235452,0.100257,0.001771,0.006275,0.010322,0.391625,0.047035
ZJ016580,0.148794,0.339304,0.136905,0.012152,0.016014,0.027264,0.213476,0.106091
ZJ016581,0.087878,0.433626,0.081478,0.004798,0.003672,0.011078,0.320906,0.056565
ZJ016582,6.6e-05,1.4e-05,0.003089,2e-06,1.2e-05,0.996764,4e-05,1.3e-05
ZJ016583,0.327632,0.158075,0.125266,0.000685,0.006822,0.008887,0.327909,0.044724
ZJ016584,0.03095,0.00675,0.069752,0.507174,0.023533,0.004474,0.000776,0.35659
ZJ016585,0.0,0.0,2.3e-05,0.0,0.0,0.999977,0.0,0.0
ZJ016586,0.104587,0.215201,0.174315,0.000379,0.002387,0.033176,0.443897,0.026058
ZJ016587,0.03818,0.053163,0.790667,0.000108,0.018422,0.010927,0.040983,0.04755
ZJ016588,0.063105,0.004295,0.108321,0.55983,0.081654,0.009705,0.000663,0.172427
ZJ016589,0.047565,0.24713,0.052372,0.001976,0.001372,0.005645,0.601573,0.042367
ZJ016590,0.153572,0.276392,0.184189,0.013007,0.030823,0.029605,0.187988,0.124424
ZJ016591,0.05139,0.120023,0.061874,0.000409,0.00147,0.004357,0.743506,0.01697
ZJ016592,0.243216,0.2925,0.10479,0.016966,0.021684,0.025341,0.192328,0.103176
ZJ016593,0.204367,0.245866,0.171867,0.025536,0.053375,0.041568,0.111537,0.145884
ZJ016594,0.226483,0.227396,0.110074,0.015804,0.028625,0.01992,0.276192,0.095506
ZJ016595,0.101907,0.100927,0.143568,0.001089,0.003089,0.024685,0.594915,0.02982
ZJ016596,0.193531,0.230619,0.211944,0.00737,0.036927,0.025474,0.172115,0.12202
ZJ016597,0.07318,0.155393,0.060868,0.00046,0.001357,0.006856,0.680852,0.021036
ZJ016598,0.000782,0.000303,0.011472,5.7e-05,0.000166,0.98634,0.000584,0.000295
ZJ016599,0.233318,0.306875,0.092335,0.020419,0.021445,0.033783,0.176133,0.115691
ZJ016600,0.360211,0.168573,0.104323,0.003629,0.010883,0.01386,0.294559,0.043962
ZJ016601,0.27073,0.244113,0.138708,0.016112,0.031295,0.044109,0.162154,0.092778
ZJ016602,0.367765,0.182859,0.157782,0.002676,0.012969,0.015381,0.205779,0.054789
ZJ016603,0.107803,0.338516,0.101495,0.043594,0.013788,0.01879,0.156628,0.219385
ZJ016604,0.0357,0.011098,0.068349,0.400957,0.013178,0.002402,0.000881,0.467435
ZJ016605,0.122416,0.291179,0.218907,0.012263,0.023609,0.028265,0.133301,0.17006
ZJ016606,0.295479,0.283993,0.13736,0.0048,0.017656,0.028794,0.153977,0.077942
ZJ016607,0.038338,0.014898,0.080667,0.424897,0.025618,0.007412,0.001824,0.406345
ZJ016608,0.023178,0.001663,0.057541,0.645455,0.023566,0.002909,0.000164,0.245524
ZJ016609,0.086658,0.504972,0.08872,0.006281,0.002864,0.038819,0.193673,0.078014
ZJ016610,0.182526,0.267941,0.144592,0.022007,0.033276,0.066406,0.169759,0.113493
ZJ016611,0.12877,0.264698,0.239796,0.012035,0.031603,0.029399,0.123294,0.170406
ZJ016612,0.016909,0.003076,0.051155,0.630091,0.018113,0.004407,0.000234,0.276015
ZJ016613,0.0,0.0,1e-05,0.0,0.0,0.99999,0.0,0.0
ZJ016614,0.049865,0.000928,0.116233,0.552088,0.179784,0.009781,0.000121,0.091201
ZJ016615,0.163888,0.334881,0.116783,0.024,0.01544,0.032083,0.174419,0.138506
ZJ016616,0.140921,0.255244,0.094691,0.006084,0.008937,0.017602,0.410999,0.065522
ZJ016617,0.16385,0.322588,0.145483,0.009333,0.016336,0.026042,0.214771,0.101597
ZJ016618,0.260097,0.257798,0.117112,0.011652,0.023895,0.027143,0.213741,0.088563
ZJ016619,0.037551,0.006188,0.077368,0.54476,0.030063,0.004914,0.000686,0.29847
ZJ016620,0.032276,0.008612,0.07054,0.515001,0.023815,0.004652,0.000816,0.344288
ZJ016621,0.050914,0.00463,0.092318,0.565133,0.046189,0.006411,0.000683,0.233721
ZJ016622,0.156771,0.28341,0.128427,0.004433,0.009637,0.021842,0.330521,0.064959
ZJ016623,0.08148,0.030091,0.119331,0.345988,0.045081,0.012127,0.006568,0.359333
ZJ016624,0.119054,0.258513,0.230385,0.001514,0.009032,0.025596,0.287852,0.068053
ZJ016625,0.235227,0.117477,0.250457,0.033963,0.049978,0.006282,0.033448,0.273169
ZJ016626,0.022004,0.000539,0.051245,0.763777,0.027799,0.00177,3.2e-05,0.132834
ZJ016627,0.019015,0.181474,0.023742,0.000141,0.000113,0.000613,0.763912,0.01099
ZJ016628,0.613361,0.069052,0.128158,0.021881,0.031981,0.021847,0.072644,0.041076
ZJ016629,0.037349,0.001032,0.085296,0.660193,0.068871,0.004997,0.000115,0.142147
ZJ016630,0.129595,0.169081,0.11745,0.001453,0.004515,0.009845,0.525551,0.042511
ZJ016631,0.050337,0.019102,0.080089,0.341555,0.013662,0.002459,0.001556,0.49124
ZJ016632,0.02145,0.001642,0.053493,0.657399,0.019782,0.002189,0.000122,0.243923
ZJ016633,0.138889,0.055278,0.39766,7.2e-05,0.003027,0.011603,0.361567,0.031904
ZJ016634,0.213932,0.250035,0.152732,0.022881,0.048474,0.046952,0.141872,0.123122
ZJ016635,0.071107,0.253477,0.138691,0.001703,0.004334,0.014912,0.468038,0.047738
ZJ016636,0.137409,0.10714,0.132365,0.178998,0.030443,0.014949,0.018796,0.379901
ZJ016637,0.083642,0.482422,0.099143,0.007178,0.003773,0.040504,0.20179,0.081549
ZJ016638,0.249268,0.273735,0.113091,0.014199,0.024131,0.025595,0.203963,0.096018
ZJ016639,0.015032,0.001164,0.043514,0.692564,0.017263,0.002491,8.1e-05,0.227891
ZJ016640,0.133553,0.353522,0.178895,0.00487,0.012356,0.014263,0.198832,0.103708
ZJ016641,0.030022,0.004453,0.066993,0.569223,0.023627,0.003395,0.000407,0.301879
ZJ016642,0.038037,0.001686,0.074537,0.653864,0.035645,0.003086,0.000178,0.192967
ZJ016643,0.180929,0.203034,0.150165,0.082931,0.045677,0.032612,0.061491,0.243161
ZJ016644,0.132952,0.408363,0.108143,0.029165,0.012999,0.016286,0.088836,0.203256
ZJ016645,0.328744,0.199266,0.1051,0.004978,0.014815,0.018361,0.2772,0.051536
ZJ016646,0.088785,0.381524,0.063061,0.007442,0.003336,0.006317,0.345652,0.103882
ZJ016647,0.010398,0.000675,0.034399,0.706523,0.011768,0.001406,3.9e-05,0.234792
ZJ016648,0.154785,0.149787,0.217784,0.001833,0.011156,0.020035,0.379948,0.064671
ZJ016649,0.016431,0.002162,0.046803,0.631783,0.015383,0.002277,0.000133,0.285027
ZJ016650,0.201622,0.289439,0.146004,0.038166,0.038851,0.035272,0.077038,0.173609
ZJ016651,0.199228,0.274655,0.133992,0.028718,0.039698,0.039133,0.153106,0.131471
ZJ016652,0.046112,0.026219,0.238793,0.002288,0.023233,0.604226,0.044907,0.014222
ZJ016653,0.086367,0.249026,0.136134,0.016151,0.015676,0.077443,0.34278,0.076422
ZJ016654,0.113313,0.169898,0.10129,0.000537,0.002169,0.005377,0.575067,0.032348
ZJ016655,0.259698,0.261248,0.115505,0.004164,0.011575,0.023581,0.261775,0.062453
ZJ016656,0.178076,0.312029,0.124976,0.043837,0.031758,0.031383,0.090116,0.187826
ZJ016657,0.085411,0.395122,0.058923,0.005973,0.002746,0.006858,0.353238,0.091729
ZJ016658,0.079205,0.293997,0.172544,0.003502,0.007675,0.019906,0.351573,0.071597
ZJ016659,0.068006,0.183702,0.395509,0.003659,0.032494,0.041376,0.168508,0.106747
ZJ016660,0.049171,0.172883,0.07533,0.00033,0.000797,0.003499,0.676884,0.021105
ZJ016661,0.169955,0.101998,0.195168,0.105239,0.051048,0.015516,0.021748,0.339328
ZJ016662,0.000793,0.000383,0.012795,2e-05,8.4e-05,0.984785,0.000919,0.00022
ZJ016663,3.9e-05,7e-06,0.003452,2e-06,2e-05,0.996436,3.8e-05,6e-06
ZJ016664,0.201155,0.208653,0.225314,0.014428,0.058768,0.042943,0.10117,0.147569
ZJ016665,0.075882,0.049572,0.242987,0.009452,0.034733,0.438727,0.107382,0.041266
ZJ016666,0.170005,0.264435,0.108146,0.014429,0.021795,0.021493,0.313422,0.086275
ZJ016667,0.319546,0.225088,0.12856,0.005768,0.016012,0.019512,0.218001,0.067513
ZJ016668,0.21034,0.259965,0.1246,0.034902,0.037635,0.08751,0.13129,0.113758
ZJ016669,0.087615,0.271087,0.164896,0.004831,0.012457,0.024641,0.361426,0.073047
ZJ016670,0.009165,0.000414,0.03118,0.710552,0.009104,0.000701,2.1e-05,0.238863
ZJ016671,0.158175,0.325427,0.224828,0.002302,0.005906,0.0135,0.110733,0.159131
ZJ016672,0.097413,0.314246,0.202723,0.017297,0.03125,0.035676,0.164725,0.13667
ZJ016673,0.046125,0.356965,0.093673,0.002616,0.002838,0.006978,0.443941,0.046862
ZJ016674,0.025127,0.140565,0.039039,0.000182,0.000509,0.001794,0.78105,0.011735
ZJ016675,0.020411,0.101633,0.020476,5.1e-05,0.000112,0.000756,0.848961,0.0076
ZJ016676,0.202576,0.142035,0.172549,0.003137,0.018624,0.027472,0.369446,0.064161
ZJ016677,0.040981,0.000678,0.088116,0.672552,0.080019,0.00416,7.3e-05,0.11342
ZJ016678,0.019178,0.078414,0.028171,7e-05,0.000206,0.000783,0.867158,0.006019
ZJ016679,0.315577,0.238198,0.113668,0.005076,0.01563,0.035113,0.215045,0.061693
ZJ016680,0.347123,0.202408,0.13969,0.003813,0.01384,0.017883,0.216007,0.059236
ZJ016681,0.056792,0.241033,0.09916,0.000708,0.002128,0.014329,0.560689,0.025161
ZJ016682,0.055574,0.114798,0.067042,0.000295,0.001323,0.004572,0.74042,0.015975
ZJ016683,0.298696,0.268391,0.107344,0.009961,0.016372,0.037173,0.183386,0.078677
ZJ016684,0.075955,0.001844,0.158192,0.469445,0.140352,0.006608,0.000304,0.1473
ZJ016685,0.154494,0.072368,0.320739,0.00353,0.035968,0.196138,0.164463,0.0523
ZJ016686,0.232332,0.255029,0.09412,0.004719,0.009724,0.013331,0.329775,0.060971
ZJ016687,0.24218,0.144404,0.307822,0.00075,0.016091,0.022047,0.18834,0.078367
ZJ016688,0.276631,0.213071,0.147982,0.002394,0.013409,0.032353,0.256855,0.057306
ZJ016689,0.265787,0.265061,0.117676,0.014759,0.025415,0.038218,0.182543,0.09054
ZJ016690,0.010281,0.005184,0.096905,0.636245,0.039549,0.070379,0.000571,0.140886
ZJ016691,0.1513,0.143527,0.06575,0.001036,0.002982,0.005249,0.602589,0.027566
ZJ016692,0.037238,0.050839,0.800632,9.2e-05,0.017489,0.010518,0.038448,0.044745
ZJ016693,2.8e-05,6e-06,0.002302,1e-06,3e-06,0.997625,2.8e-05,6e-06
ZJ016694,0.361545,0.175164,0.168291,0.002817,0.014923,0.017551,0.20227,0.057438
ZJ016695,0.080637,0.394333,0.069966,0.011413,0.00374,0.009411,0.29183,0.138669
ZJ016696,0.168693,0.218892,0.261272,0.001636,0.014156,0.014557,0.230694,0.0901
ZJ016697,0.193392,0.316853,0.114683,0.029742,0.029011,0.031252,0.150647,0.13442
ZJ016698,0.096552,0.01546,0.292178,0.01231,0.474756,0.06373,0.00674,0.038272
ZJ016699,0.172045,0.200752,0.168601,0.059362,0.071411,0.036039,0.097208,0.194582
ZJ016700,0.0,0.0,8.1e-05,0.0,0.0,0.999919,0.0,0.0
ZJ016701,0.193147,0.315739,0.133224,0.007948,0.016003,0.023287,0.223454,0.087198
ZJ016702,0.043157,0.036107,0.041868,1.6e-05,0.00018,0.001088,0.873397,0.004187
ZJ016703,0.147109,0.159938,0.169047,0.00287,0.007124,0.159511,0.310656,0.043745
ZJ016704,0.001459,0.000893,0.020354,7.6e-05,0.000244,0.974558,0.001873,0.000544
ZJ016705,0.1588,0.321417,0.097319,0.015299,0.013774,0.016647,0.272288,0.104456
ZJ016706,0.141444,0.341081,0.159689,0.006737,0.014199,0.014489,0.217899,0.104463
ZJ016707,0.047368,0.266568,0.034752,0.000641,0.000568,0.002393,0.625832,0.021876
ZJ016708,0.138735,0.108143,0.13414,0.180419,0.032666,0.016411,0.019943,0.369542
ZJ016709,0.361054,0.251168,0.139347,0.002916,0.011721,0.022679,0.152977,0.058137
ZJ016710,0.182391,0.274718,0.117921,0.062726,0.032887,0.032862,0.097932,0.198564
ZJ016711,0.123376,0.281315,0.195171,0.004254,0.006986,0.019393,0.243575,0.12593
ZJ016712,0.297677,0.281168,0.137977,0.004685,0.017553,0.029456,0.154338,0.077146
ZJ016713,0.049661,0.252471,0.10171,0.002529,0.003712,0.008627,0.535888,0.045401
ZJ016714,0.034266,0.015335,0.071739,0.390959,0.0164,0.004291,0.001338,0.465673
ZJ016715,0.130463,0.373634,0.169427,0.011617,0.018033,0.021085,0.139726,0.136016
ZJ016716,0.03799,0.021486,0.208857,0.001231,0.009632,0.616461,0.093743,0.010601
ZJ016717,0.216964,0.169681,0.121134,0.00043,0.003461,0.010577,0.444702,0.033051
ZJ016718,0.00016,6.7e-05,0.007093,2e-06,1.6e-05,0.992253,0.000385,2.4e-05
ZJ016719,0.148242,0.282119,0.174723,0.003959,0.011451,0.032219,0.273242,0.074047
ZJ016720,0.263888,0.272583,0.119748,0.007579,0.019681,0.01904,0.211846,0.085635
ZJ016721,0.002383,0.000895,0.035329,0.000171,0.000622,0.957126,0.002591,0.000882
ZJ016722,0.010112,0.017287,0.088845,0.000382,0.001229,0.84827,0.030971,0.002905
ZJ016723,0.022959,0.005461,0.056848,0.545676,0.017008,0.002937,0.000401,0.348711
ZJ016724,0.240855,0.14765,0.132911,0.002927,0.014451,0.019517,0.385981,0.055708
ZJ016725,0.001508,0.000897,0.020755,5.3e-05,0.000199,0.974171,0.001983,0.000436
ZJ016726,0.207425,0.222217,0.123913,0.025894,0.040223,0.039653,0.238226,0.102448
ZJ016727,0.001937,0.00301,0.056492,7.5e-05,0.00063,0.927862,0.009525,0.000468
ZJ016728,0.028669,0.004562,0.065564,0.566912,0.023273,0.003635,0.000425,0.306961
ZJ016729,0.177793,0.159564,0.137292,0.004627,0.014063,0.032502,0.416227,0.057931
ZJ016730,0.037602,0.003663,0.078708,0.584016,0.037928,0.006102,0.000528,0.251452
ZJ016731,0.062103,0.001608,0.113813,0.584039,0.089761,0.00538,0.000233,0.143063
ZJ016732,0.109769,0.221387,0.181959,0.0012,0.006574,0.011107,0.407615,0.06039
ZJ016733,0.301457,0.22371,0.117957,0.006362,0.018279,0.034087,0.229736,0.068412
ZJ016734,0.35371,0.182936,0.13966,0.004428,0.013963,0.016573,0.231152,0.057578
ZJ016735,0.190458,0.182267,0.074386,0.003119,0.006959,0.008588,0.489681,0.044543
ZJ016736,0.248516,0.29051,0.089955,0.00607,0.010563,0.021314,0.273888,0.059184
ZJ016737,0.234626,0.288888,0.104913,0.01834,0.023277,0.025437,0.200177,0.104343
ZJ016738,0.123376,0.281315,0.195171,0.004254,0.006986,0.019393,0.243575,0.12593
ZJ016739,0.03866,0.174297,0.031852,0.000305,0.000481,0.002255,0.73371,0.01844
ZJ016740,0.031226,0.003951,0.068942,0.57785,0.025931,0.003646,0.000397,0.288057
ZJ016741,0.254643,0.265183,0.110458,0.013863,0.023862,0.026584,0.214878,0.09053
ZJ016742,0.251357,0.260391,0.119952,0.011866,0.025433,0.025032,0.213598,0.092371
ZJ016743,0.129366,0.209751,0.170847,0.000851,0.004438,0.020246,0.420311,0.044189
ZJ016744,0.042045,0.002086,0.080533,0.653789,0.0542,0.00809,0.000293,0.158965
ZJ016745,0.122937,0.395193,0.153715,0.00583,0.00942,0.012264,0.188773,0.111868
ZJ016746,0.171726,0.299493,0.134471,0.020331,0.029956,0.02114,0.193508,0.129376
ZJ016747,0.166234,0.173546,0.077665,0.002112,0.005911,0.009095,0.529583,0.035854
ZJ016748,0.101425,0.295227,0.099612,0.003787,0.004587,0.019298,0.428397,0.047666
ZJ016749,0.139161,0.160986,0.179018,0.002817,0.00691,0.017587,0.422249,0.071272
ZJ016750,0.118294,0.298576,0.125446,0.006984,0.009003,0.027086,0.346395,0.068216
ZJ016751,0.082624,0.30073,0.068573,0.003771,0.002696,0.007672,0.472956,0.060979
ZJ016752,0.30229,0.272262,0.099051,0.011998,0.017792,0.028259,0.194532,0.073816
ZJ016753,0.068672,0.217189,0.100311,0.001963,0.003377,0.00993,0.557643,0.040915
ZJ016754,0.147027,0.333328,0.171614,0.006936,0.016255,0.019137,0.199967,0.105736
ZJ016755,0.141355,0.167004,0.173405,0.0125,0.015628,0.079879,0.317367,0.092863
ZJ016756,0.192753,0.15037,0.207508,0.010137,0.025645,0.109457,0.202927,0.101204
ZJ016757,0.272749,0.289726,0.093705,0.015242,0.020633,0.029703,0.191346,0.086895
ZJ016758,0.080012,0.17549,0.062412,0.001271,0.00265,0.005043,0.64399,0.029132
ZJ016759,0.078592,0.002093,0.158514,0.47058,0.118949,0.005531,0.000337,0.165404
ZJ016760,0.133908,0.274148,0.123934,0.003421,0.006796,0.010889,0.383494,0.063412
ZJ016761,0.168041,0.286365,0.123107,0.013501,0.024915,0.079984,0.223369,0.080719
ZJ016762,0.032757,0.006634,0.06993,0.485949,0.019773,0.003145,0.000678,0.381136
ZJ016763,0.004092,0.007507,0.081321,1e-04,0.000654,0.876551,0.028917,0.000858
ZJ016764,0.124581,0.294317,0.135028,0.003899,0.008119,0.019127,0.349928,0.065002
ZJ016765,0.334608,0.178587,0.117323,0.006613,0.015669,0.034011,0.252333,0.060856
ZJ016766,0.224087,0.165974,0.197132,0.013607,0.050512,0.073073,0.169759,0.105856
ZJ016767,0.227082,0.284432,0.121151,0.027614,0.037453,0.045657,0.145785,0.110825
ZJ016768,0.092825,0.330341,0.211053,0.014489,0.020843,0.030389,0.127535,0.172525
ZJ016769,0.260942,0.24084,0.118383,0.007363,0.015189,0.053574,0.241465,0.062245
ZJ016770,0.308816,0.20931,0.147047,0.004408,0.018044,0.020307,0.221494,0.070575
ZJ016771,0.033801,0.00745,0.071196,0.480089,0.020243,0.003403,0.000761,0.383057
ZJ016772,0.0,0.0,4e-06,0.0,0.0,0.999996,0.0,0.0
ZJ016773,0.308939,0.270616,0.101277,0.008212,0.013703,0.03399,0.190441,0.072821
ZJ016774,0.045629,0.026859,0.226849,0.002286,0.020744,0.617011,0.046526,0.014097
ZJ016775,0.16063,0.159726,0.250682,0.001354,0.012639,0.02029,0.325677,0.069001
ZJ016776,0.033563,0.011592,0.065173,0.392591,0.011822,0.002306,0.000853,0.482101
ZJ016777,0.009738,0.02198,0.018532,3e-06,3.3e-05,0.000217,0.948041,0.001455
ZJ016778,0.073138,0.023105,0.182012,0.314839,0.138289,0.087175,0.009551,0.17189
ZJ016779,0.322057,0.264499,0.117745,0.002862,0.010476,0.017007,0.201101,0.064254
ZJ016780,0.077318,0.083717,0.184907,0.006314,0.01365,0.423816,0.171827,0.03845
ZJ016781,0.051097,0.241225,0.093081,0.001199,0.002146,0.007543,0.570076,0.033632
ZJ016782,0.066096,0.130324,0.193052,0.002398,0.006507,0.331729,0.243749,0.026145
ZJ016783,0.197144,0.312653,0.159998,0.006563,0.01538,0.023751,0.180604,0.103907
ZJ016784,0.247632,0.257152,0.103356,0.016689,0.024895,0.027801,0.231783,0.090693
ZJ016785,0.02742,0.151863,0.039473,0.000195,0.000491,0.001947,0.766652,0.01196
ZJ016786,0.049982,0.011886,0.093101,0.475701,0.039239,0.009097,0.001855,0.319139
ZJ016787,0.142501,0.259272,0.229637,0.00922,0.034074,0.027092,0.14656,0.151643
ZJ016788,0.312987,0.25574,0.136053,0.006725,0.01868,0.029693,0.165927,0.074195
ZJ016789,0.280058,0.276846,0.103355,0.006196,0.012487,0.039269,0.222974,0.058816
ZJ016790,0.127792,0.349139,0.150048,0.025859,0.021252,0.015091,0.057862,0.252956
ZJ016791,0.342323,0.173199,0.143536,0.000891,0.008752,0.014584,0.266667,0.050048
ZJ016792,0.162248,0.082189,0.297908,0.004782,0.033685,0.159426,0.197721,0.062042
ZJ016793,0.338173,0.171889,0.120192,0.00681,0.016146,0.027263,0.260278,0.059247
ZJ016794,0.165721,0.088479,0.322195,0.047684,0.066373,0.070641,0.039187,0.199721
ZJ016795,0.155199,0.15382,0.184043,0.063483,0.030479,0.009326,0.020695,0.382954
ZJ016796,0.051721,0.179402,0.055898,0.00092,0.001354,0.003703,0.684328,0.022674
ZJ016797,0.265245,0.134608,0.09293,0.002022,0.006425,0.009832,0.454208,0.034731
ZJ016798,0.024436,0.0389,0.130248,0.001099,0.004006,0.71657,0.078367,0.006374
ZJ016799,0.244991,0.221609,0.109647,0.012005,0.030791,0.035912,0.267744,0.077301
ZJ016800,0.180495,0.354931,0.132896,0.016686,0.018979,0.023506,0.131873,0.140634
ZJ016801,0.122087,0.274622,0.214965,0.008624,0.024506,0.02742,0.207602,0.120174
ZJ016802,0.000392,0.000162,0.009436,1.1e-05,5.1e-05,0.989375,0.00047,0.000104
ZJ016803,0.065336,0.250912,0.12271,0.002871,0.004852,0.015731,0.487728,0.049859
ZJ016804,0.026818,0.000593,0.059349,0.741781,0.039366,0.002735,5.2e-05,0.129305
ZJ016805,0.058214,0.009926,0.144457,0.397896,0.076594,0.011555,0.001477,0.299882
ZJ016806,0.122399,0.022611,0.176296,0.29773,0.116497,0.02213,0.008362,0.233974
ZJ016807,0.210499,0.195512,0.151444,0.008536,0.035186,0.047979,0.270924,0.07992
ZJ016808,0.201861,0.181206,0.193532,0.000937,0.012903,0.037536,0.325946,0.046078
ZJ016809,0.008713,0.000512,0.030594,0.719682,0.010021,0.001118,2.7e-05,0.229332
ZJ016810,0.071643,0.026503,0.524374,0.003537,0.255227,0.02798,0.012236,0.078499
ZJ016811,0.233741,0.217706,0.101469,0.002089,0.008102,0.012241,0.375807,0.048846
ZJ016812,0.000179,6.6e-05,0.006573,3e-06,2e-05,0.992875,0.000245,3.9e-05
ZJ016813,0.160839,0.350228,0.131872,0.009744,0.013081,0.028014,0.207574,0.098647
ZJ016814,0.039926,0.008931,0.082329,0.520627,0.036721,0.009032,0.001242,0.301191
ZJ016815,0.144461,0.156134,0.11557,0.002734,0.009259,0.018893,0.507357,0.045593
ZJ016816,0.182266,0.278546,0.17315,0.01752,0.043125,0.035195,0.137614,0.132584
ZJ016817,0.03109,0.24321,0.034436,0.000572,0.000758,0.00112,0.670698,0.018117
ZJ016818,0.091144,0.199964,0.189997,0.061047,0.034039,0.019368,0.053091,0.35135
ZJ016819,0.258713,0.27511,0.101443,0.015023,0.021585,0.028355,0.211722,0.08805
ZJ016820,0.010691,0.00551,0.074696,0.001858,0.004564,0.885436,0.011606,0.005639
ZJ016821,0.198066,0.14928,0.229805,0.041333,0.087528,0.026869,0.064153,0.202966
ZJ016822,0.175982,0.258667,0.127576,0.077323,0.037675,0.043341,0.067606,0.211829
ZJ016823,0.051326,0.125463,0.047596,0.000177,0.000559,0.004839,0.755869,0.014171
ZJ016824,0.104117,0.033322,0.225579,0.105646,0.040466,0.005413,0.004178,0.481279
ZJ016825,0.091746,0.056172,0.174338,0.189259,0.062311,0.018639,0.010157,0.397378
ZJ016826,0.141928,0.138326,0.140225,0.154418,0.070136,0.044497,0.067577,0.242893
ZJ016827,0.126264,0.2181,0.149458,0.001246,0.005756,0.010765,0.435459,0.052952
ZJ016828,0.009237,0.000485,0.031604,0.735462,0.011309,0.001291,2.6e-05,0.210586
ZJ016829,0.11681,0.032488,0.169237,0.273732,0.080924,0.0147,0.009394,0.302713
ZJ016830,0.201081,0.222363,0.33192,0.001285,0.020038,0.018266,0.090483,0.114564
ZJ016831,0.0,0.0,0.000385,0.0,0.0,0.999614,1e-06,0.0
ZJ016832,0.152295,0.159665,0.307864,0.018922,0.098154,0.033104,0.054494,0.175501
ZJ016833,0.206603,0.212907,0.236671,0.019293,0.049072,0.013154,0.046626,0.215673
ZJ016834,0.224332,0.269431,0.099174,0.01298,0.017875,0.018087,0.266356,0.091765
ZJ016835,0.32043,0.235141,0.119137,0.004894,0.015456,0.035222,0.205552,0.064168
ZJ016836,0.063731,0.005881,0.104134,0.541541,0.054582,0.007316,0.000922,0.221892
ZJ016837,0.179366,0.390466,0.095179,0.032186,0.016034,0.020559,0.10527,0.16094
ZJ016838,0.12778,0.279815,0.114773,0.080385,0.02964,0.037008,0.095869,0.234731
ZJ016839,0.060072,0.032175,0.245765,0.000973,0.010391,0.500763,0.135931,0.013929
ZJ016840,0.078016,0.102878,0.093284,0.000543,0.001976,0.009059,0.693469,0.020775
ZJ016841,0.421273,0.050437,0.183597,0.059671,0.112075,0.074141,0.05259,0.046217
ZJ016842,0.245208,0.305048,0.103352,0.021374,0.025996,0.033796,0.168324,0.096901
ZJ016843,0.057144,0.015807,0.097542,0.407608,0.031793,0.006588,0.002482,0.381035
ZJ016844,0.22112,0.259271,0.089135,0.005634,0.012906,0.020994,0.324977,0.065963
ZJ016845,0.095914,0.046775,0.170314,0.220999,0.065643,0.014122,0.009778,0.376455
ZJ016846,0.038535,0.101789,0.669982,0.000263,0.01757,0.012886,0.092519,0.066456
ZJ016847,0.252318,0.306202,0.118109,0.015486,0.023561,0.033671,0.147752,0.102901
ZJ016848,0.283919,0.219453,0.130952,0.012771,0.02666,0.045388,0.197073,0.083784
ZJ016849,0.00946,0.000361,0.031566,0.78782,0.015307,0.002029,2.1e-05,0.153436
ZJ016850,0.027421,0.004236,0.06333,0.568487,0.021166,0.002998,0.000363,0.311999
ZJ016851,0.248471,0.077387,0.448224,0.001916,0.039452,0.01233,0.033237,0.138982
ZJ016852,0.212877,0.223908,0.228565,0.008466,0.045694,0.034933,0.111467,0.13409
ZJ016853,3e-05,6e-06,0.002164,1e-06,5e-06,0.997768,2e-05,5e-06
ZJ016854,0.319499,0.219391,0.133883,0.008865,0.020585,0.03424,0.191764,0.071774
ZJ016855,0.129386,0.169149,0.312395,0.004722,0.03591,0.03781,0.192965,0.117663
ZJ016856,0.170837,0.332544,0.117281,0.037063,0.026741,0.027663,0.124476,0.163396
ZJ016857,0.022577,0.00496,0.058336,0.461311,0.011717,0.001423,0.000276,0.4394
ZJ016858,0.198654,0.186269,0.154308,0.003334,0.008594,0.045377,0.342449,0.061014
ZJ016859,0.007869,0.000825,0.029045,0.668889,0.007997,0.001077,3.8e-05,0.28426
ZJ016860,0.002617,0.003676,0.05781,1.2e-05,7.7e-05,0.911058,0.024286,0.000465
ZJ016861,0.060638,0.164487,0.117771,0.184346,0.021907,0.030613,0.036144,0.384094
ZJ016862,0.200476,0.328375,0.124189,0.007852,0.011496,0.035282,0.207383,0.084948
ZJ016863,0.156558,0.389187,0.123947,0.017561,0.01434,0.020521,0.129156,0.14873
ZJ016864,0.279218,0.120496,0.140662,0.000422,0.004685,0.008417,0.410302,0.035798
ZJ016865,0.042228,0.124125,0.047395,0.000393,0.000834,0.002593,0.767791,0.014641
ZJ016866,0.178127,0.265612,0.119818,0.069928,0.032037,0.03094,0.08563,0.217906
ZJ016867,0.276164,0.191688,0.121982,0.002298,0.009425,0.019069,0.325103,0.054271
ZJ016868,0.137625,0.141288,0.183825,0.029349,0.03654,0.199529,0.151036,0.120807
ZJ016869,0.158208,0.17745,0.096923,0.002914,0.009477,0.01382,0.493956,0.047251
ZJ016870,0.13797,0.317065,0.068694,0.006178,0.006252,0.017012,0.351939,0.09489
ZJ016871,0.085605,0.243828,0.131674,0.001923,0.004743,0.014566,0.468903,0.048758
ZJ016872,0.110666,0.269667,0.145341,0.010281,0.017433,0.044541,0.329179,0.072892
ZJ016873,0.193881,0.305379,0.105346,0.026823,0.022273,0.024651,0.191082,0.130565
ZJ016874,0.162953,0.204635,0.274264,0.00109,0.011743,0.013958,0.251351,0.080006
ZJ016875,0.093083,0.055373,0.247173,0.001105,0.007149,0.232629,0.34225,0.021238
ZJ016876,0.027578,0.18692,0.078173,0.000232,0.000495,0.003958,0.684882,0.017762
ZJ016877,0.208067,0.01244,0.331153,0.035828,0.281282,0.045416,0.009164,0.07665
ZJ016878,0.235498,0.206932,0.292331,0.004533,0.034237,0.013759,0.054302,0.158408
ZJ016879,0.191658,0.16433,0.160256,0.09452,0.043482,0.023175,0.045387,0.277194
ZJ016880,0.314684,0.190253,0.101553,0.004779,0.014901,0.018163,0.302997,0.05267
ZJ016881,0.237799,0.19623,0.114368,0.009193,0.022754,0.024489,0.318588,0.07658
ZJ016882,0.100947,0.311479,0.186979,0.006888,0.012534,0.027238,0.24463,0.109303
ZJ016883,0.067775,0.147483,0.094437,0.000549,0.001928,0.0059,0.65674,0.025187
ZJ016884,0.053502,0.194593,0.05254,0.00112,0.000986,0.004675,0.654227,0.038357
ZJ016885,0.08049,0.354264,0.062192,0.004681,0.003733,0.004715,0.426673,0.063252
ZJ016886,0.065122,0.175939,0.09131,0.000476,0.001522,0.004089,0.633399,0.028143
ZJ016887,0.058946,0.304845,0.071821,0.004562,0.006302,0.00622,0.496595,0.050708
ZJ016888,0.030461,0.008757,0.069244,0.510939,0.02509,0.006759,0.000964,0.347786
ZJ016889,0.145712,0.27676,0.119544,0.072448,0.036118,0.041952,0.112739,0.194727
ZJ016890,0.241186,0.168902,0.311769,0.006263,0.040212,0.01196,0.04099,0.178719
ZJ016891,0.157044,0.301203,0.149972,0.021877,0.028411,0.044213,0.168183,0.129097
ZJ016892,0.143154,0.316814,0.122515,0.046918,0.026785,0.042831,0.129033,0.17195
ZJ016893,0.224111,0.18345,0.188483,0.044236,0.050449,0.020613,0.069024,0.219634
ZJ016894,0.078741,0.27159,0.307073,0.003473,0.020973,0.021165,0.176023,0.120964
ZJ016895,0.030417,0.050545,0.149448,0.001399,0.00491,0.648748,0.106062,0.00847
ZJ016896,0.173479,0.194115,0.154114,0.006281,0.021575,0.031075,0.340939,0.078421
ZJ016897,0.057821,0.191333,0.063255,0.001343,0.002288,0.005448,0.650166,0.028345
ZJ016898,0.081451,0.046162,0.113116,0.301891,0.033669,0.011052,0.008083,0.404577
ZJ016899,0.052029,0.117101,0.066067,0.000295,0.001246,0.005137,0.742705,0.01542
ZJ016900,0.153944,0.148724,0.333489,0.009319,0.021803,0.007285,0.026444,0.298992
ZJ016901,0.0,0.0,0.000516,0.0,0.0,0.999481,2e-06,0.0
ZJ016902,0.262812,0.262117,0.158163,0.00761,0.024765,0.024653,0.156451,0.103428
ZJ016903,0.148868,0.076248,0.268408,0.004825,0.028273,0.20658,0.215642,0.051155
ZJ016904,0.158996,0.132697,0.179508,0.096596,0.043945,0.01572,0.027269,0.34527
ZJ016905,0.020725,0.004589,0.055176,0.577776,0.020572,0.005048,0.000414,0.315701
ZJ016906,0.159698,0.283459,0.198542,0.004432,0.015928,0.030006,0.217473,0.090462
ZJ016907,0.354751,0.10263,0.193738,0.030921,0.055334,0.065916,0.124706,0.072005
ZJ016908,0.021983,0.103385,0.030481,0.000116,0.00026,0.000889,0.835144,0.007743
ZJ016909,0.01286,0.017874,0.114142,0.002412,0.003172,0.810717,0.026861,0.01196
ZJ016910,0.012782,0.003637,0.077372,0.678533,0.033797,0.030528,0.000374,0.162977
ZJ016911,0.167681,0.268036,0.123051,0.069533,0.037019,0.036851,0.088339,0.209491
ZJ016912,0.112185,0.090393,0.187757,0.02616,0.039564,0.338056,0.12443,0.081455
ZJ016913,0.344305,0.17366,0.145186,0.000615,0.007487,0.011205,0.270028,0.047513
ZJ016914,0.117635,0.074709,0.159813,0.123875,0.025733,0.005881,0.008367,0.483986
ZJ016915,0.048552,0.047405,0.110138,0.001091,0.004586,0.716313,0.063745,0.008169
ZJ016916,0.114895,0.050002,0.207676,0.146885,0.068854,0.010952,0.010948,0.389788
ZJ016917,0.238265,0.27036,0.125189,0.014674,0.029304,0.026659,0.192511,0.103039
ZJ016918,0.168333,0.23477,0.165252,0.051826,0.051335,0.033426,0.077459,0.217599
ZJ016919,0.311693,0.05442,0.304324,0.027025,0.091515,0.020313,0.040293,0.150416
ZJ016920,0.0,0.0,3.2e-05,0.0,0.0,0.999968,0.0,0.0
ZJ016921,0.100094,0.045884,0.140359,0.266846,0.051899,0.014712,0.011627,0.36858
ZJ016922,0.306214,0.159038,0.20091,0.001048,0.013518,0.02777,0.233608,0.057894
ZJ016923,0.117322,0.383492,0.157581,0.017469,0.018849,0.027362,0.129599,0.148327
ZJ016924,0.164474,0.32659,0.156784,0.01529,0.023027,0.028644,0.150845,0.134348
ZJ016925,0.000106,2.5e-05,0.004296,4e-06,2e-05,0.995454,7.1e-05,2.3e-05
ZJ016926,0.139444,0.361818,0.1787,0.010051,0.020522,0.022431,0.140204,0.126829
ZJ016927,0.20539,0.17456,0.128212,0.009879,0.021919,0.027257,0.354547,0.078237
ZJ016928,0.161572,0.274522,0.09974,0.020722,0.018869,0.034966,0.273401,0.116209
ZJ016929,0.247945,0.220057,0.103689,0.004961,0.015861,0.030076,0.321551,0.05586
ZJ016930,0.170766,0.304699,0.109531,0.057111,0.029531,0.029905,0.10727,0.191186
ZJ016931,0.143271,0.073103,0.197567,0.10193,0.035827,0.008299,0.008659,0.431345
ZJ016932,0.014866,0.000601,0.039799,0.761407,0.015669,0.00129,2.7e-05,0.166341
ZJ016933,0.164204,0.240402,0.137211,0.001433,0.007688,0.044006,0.367862,0.037192
ZJ016934,0.11931,0.274094,0.215148,0.002894,0.006272,0.04025,0.248639,0.093393
ZJ016935,0.32919,0.182108,0.099029,0.003491,0.012017,0.016894,0.309254,0.048016
ZJ016936,0.162471,0.328814,0.1032,0.026127,0.01974,0.022822,0.213989,0.122838
ZJ016937,0.170129,0.33629,0.108779,0.049172,0.025332,0.029874,0.097185,0.183238
ZJ016938,6.7e-05,3e-05,0.005925,1e-06,7e-06,0.993773,0.000187,9e-06
ZJ016939,0.328325,0.178809,0.149537,0.012743,0.027519,0.041426,0.188364,0.073276
ZJ016940,0.092666,0.02155,0.136991,0.377025,0.071806,0.014992,0.005527,0.279443
ZJ016941,0.010161,0.000549,0.03367,0.729516,0.01238,0.001452,3.2e-05,0.21224
ZJ016942,0.05477,0.253419,0.074382,0.002071,0.001568,0.004612,0.570171,0.039007
ZJ016943,0.310047,0.305293,0.095436,0.006601,0.011406,0.022266,0.180509,0.068441
ZJ016944,0.09934,0.334208,0.212229,0.012225,0.020637,0.028665,0.130997,0.161699
ZJ016945,0.264218,0.182403,0.135433,0.013621,0.030778,0.032984,0.254844,0.085718
ZJ016946,0.095271,0.244753,0.181356,0.003541,0.006886,0.03528,0.364288,0.068626
ZJ016947,0.063779,0.032103,0.264405,0.000693,0.008808,0.458583,0.158556,0.013073
ZJ016948,0.06169,0.220816,0.158567,0.001773,0.005008,0.013001,0.48518,0.053965
ZJ016949,0.052356,0.236651,0.270886,0.001878,0.011093,0.015276,0.327748,0.084111
ZJ016950,0.193448,0.128112,0.11831,0.001646,0.006618,0.017227,0.495984,0.038655
ZJ016951,0.010653,0.000607,0.034848,0.718905,0.012632,0.001486,3.7e-05,0.220832
ZJ016952,0.139205,0.25633,0.170076,0.03444,0.045937,0.065885,0.133842,0.154284
ZJ016953,0.32668,0.176426,0.12354,0.000663,0.006827,0.008305,0.312587,0.044973
ZJ016954,0.172245,0.210355,0.141206,0.02627,0.027314,0.095269,0.19755,0.129791
ZJ016955,0.181373,0.210559,0.163747,0.012594,0.036864,0.034494,0.256387,0.103981
ZJ016956,0.248663,0.228264,0.145448,0.001829,0.009011,0.021331,0.288446,0.057008
ZJ016957,0.121152,0.172941,0.352389,0.006102,0.051945,0.03979,0.124834,0.130847
ZJ016958,0.0,0.0,3e-06,0.0,0.0,0.999997,0.0,0.0
ZJ016959,0.08817,0.038543,0.123027,0.302369,0.037067,0.008944,0.006758,0.395122
ZJ016960,0.341068,0.153011,0.167685,0.000428,0.005511,0.022376,0.271546,0.038375
ZJ016961,0.267755,0.230269,0.252244,0.000461,0.008486,0.005987,0.153126,0.081673
ZJ016962,0.026265,0.00265,0.074955,0.575857,0.031531,0.004024,0.000239,0.28448
ZJ016963,0.107836,0.083013,0.191863,0.003673,0.015503,0.367698,0.205668,0.024747
ZJ016964,0.178261,0.28853,0.131501,0.041154,0.041415,0.038729,0.124042,0.156367
ZJ016965,0.326882,0.215706,0.135366,0.002682,0.013534,0.026228,0.217805,0.061796
ZJ016966,0.030766,0.004206,0.067665,0.577173,0.024178,0.003297,0.000378,0.292338
ZJ016967,0.070445,0.112039,0.171236,0.006387,0.015787,0.446378,0.151985,0.025743
ZJ016968,0.056012,0.181146,0.053597,0.000852,0.001285,0.003415,0.681492,0.022202
ZJ016969,0.075381,0.212624,0.117532,0.001784,0.003957,0.01059,0.533035,0.045096
ZJ016970,0.147569,0.057286,0.343243,0.000105,0.003897,0.013001,0.402844,0.032055
ZJ016971,0.240451,0.224844,0.111902,0.00721,0.015844,0.036442,0.299364,0.063943
ZJ016972,0.068123,0.026142,0.130158,0.244768,0.030113,0.004596,0.00337,0.49273
ZJ016973,0.098804,0.33689,0.10357,0.062924,0.013762,0.033064,0.076339,0.274646
ZJ016974,0.16855,0.247364,0.185037,0.008657,0.019213,0.026932,0.224416,0.11983
ZJ016975,0.032194,0.237975,0.043162,0.000601,0.000389,0.001644,0.659893,0.024142
ZJ016976,0.175073,0.214695,0.069632,0.001964,0.007201,0.007915,0.484838,0.038682
ZJ016977,0.094139,0.295831,0.169437,0.048908,0.031899,0.044348,0.101386,0.214051
ZJ016978,0.347197,0.161705,0.173375,0.001295,0.011663,0.025023,0.220519,0.059224
ZJ016979,0.139927,0.206673,0.141187,0.059804,0.053065,0.182897,0.096935,0.119512
ZJ016980,0.240761,0.216255,0.089703,0.005623,0.014966,0.017432,0.356656,0.058604
ZJ016981,0.130893,0.086814,0.133654,0.203263,0.032922,0.014104,0.015533,0.382816
ZJ016982,0.213847,0.232156,0.176303,0.023029,0.053603,0.046305,0.116904,0.137853
ZJ016983,0.052527,0.020866,0.084507,0.345655,0.016715,0.003505,0.002047,0.474177
ZJ016984,0.051943,0.001919,0.097789,0.607824,0.061601,0.005162,0.000277,0.173485
ZJ016985,0.307066,0.228428,0.112912,0.006148,0.018406,0.041753,0.222834,0.062451
ZJ016986,0.019301,0.002293,0.050674,0.610283,0.015733,0.00192,0.00016,0.299636
ZJ016987,0.25019,0.219557,0.128172,0.008595,0.014631,0.056803,0.25293,0.069122
ZJ016988,0.062033,0.014062,0.104808,0.463605,0.047109,0.009595,0.002313,0.296474
ZJ016989,0.000314,0.000124,0.008602,8e-06,3.7e-05,0.990471,0.000357,8.7e-05
ZJ016990,0.241308,0.259779,0.143282,0.011381,0.031386,0.028205,0.181088,0.103572
ZJ016991,1e-05,5e-06,0.002083,0.0,1e-06,0.997853,4.7e-05,1e-06
