,antelope_duiker,bird,blank,civet_genet,hog,leopard,monkey_prosimian,rodent
ZJ016488,0.049952,0.00027,0.917509,0.000755,0.000672,0.030072,5.2e-05,0.000718
ZJ016489,0.991814,1e-06,0.004442,0.0,0.003406,1e-06,0.000322,1.6e-05
ZJ016490,0.00124,0.0,0.001952,0.995242,2e-06,0.001364,0.000112,8.9e-05
ZJ016491,0.0,0.0,0.0,0.0,0.0,1.0,0.0,0.0
ZJ016492,0.169365,0.073386,0.117206,0.001513,0.000682,6.6e-05,0.105912,0.531871
ZJ016493,0.012197,0.873032,0.043501,0.0,2.8e-05,4e-06,0.022744,0.048494
ZJ016494,0.268905,0.042827,0.597701,1.1e-05,0.000414,0.00308,0.081041,0.006022
ZJ016495,0.106489,0.00113,0.018384,0.025046,0.706842,0.022655,0.118343,0.001112
ZJ016496,0.089147,0.484295,0.120549,0.000167,0.002599,0.000722,0.085918,0.216603
ZJ016497,0.213296,0.021159,0.226304,0.007637,0.020054,0.139724,0.366535,0.005293
ZJ016498,0.71817,9.6e-05,0.140382,0.028537,0.011771,0.090623,0.008757,0.001662
ZJ016499,0.02025,0.002601,0.654341,4e-06,0.001682,0.319825,0.001282,1.4e-05
ZJ016500,0.483012,0.0066,0.332992,0.045886,0.016039,0.030184,0.048071,0.037216
ZJ016501,0.045038,0.003319,0.623066,0.010715,0.034541,0.002404,1e-05,0.280907
ZJ016502,0.038137,0.007023,0.46864,0.008259,0.007162,0.001121,2.7e-05,0.469631
ZJ016503,0.167032,0.023318,0.419129,1e-06,0.000128,0.001168,0.388148,0.001075
ZJ016504,0.385309,0.152275,0.165626,0.000154,0.014146,0.002759,0.225,0.054731
ZJ016505,0.515024,0.024428,0.348736,0.003771,0.013489,0.012848,0.030132,0.051572
ZJ016506,0.49241,0.091544,0.156979,0.000148,0.017162,0.002087,0.196321,0.04335
ZJ016507,0.409891,0.008231,0.538798,0.000732,0.003564,0.004604,0.009139,0.025041
ZJ016508,0.060414,0.000966,0.382173,0.05723,0.00031,0.000808,7.8e-05,0.498021
ZJ016509,0.316927,0.220477,0.320681,9.8e-05,0.004377,0.002816,0.046245,0.088379
ZJ016510,0.152422,0.000198,0.180987,0.61997,0.004442,0.008613,0.00087,0.032498
ZJ016511,0.229689,0.0184,0.707067,0.000486,0.005321,0.01902,0.01099,0.009028
ZJ016512,0.233608,0.000816,0.082616,7e-06,0.000345,0.0002,0.682038,0.00037
ZJ016513,0.118952,0.010762,0.081562,2e-06,0.000594,0.000166,0.786188,0.001773
ZJ016514,0.435047,0.0,0.049878,0.434,0.00458,0.07574,0.000468,0.000287
ZJ016515,0.000307,4e-06,0.052824,0.0,0.0002,0.946649,1.5e-05,0.0
ZJ016516,0.065283,0.000146,0.163456,0.060522,3.9e-05,3.4e-05,0.000177,0.710344
ZJ016517,0.552053,0.010485,0.309874,0.001372,0.002681,0.000655,0.019876,0.103003
ZJ016518,0.999183,0.0,0.000206,0.0,0.00061,0.0,1e-06,0.0
ZJ016519,0.124639,0.000545,0.722431,0.012378,0.000346,0.001538,5.1e-05,0.138073
ZJ016520,0.013858,1e-06,0.018149,0.9644,6.6e-05,0.000991,9.8e-05,0.002436
ZJ016521,0.20272,0.030694,0.451596,0.000457,0.005371,0.132504,0.174407,0.002251
ZJ016522,0.997778,0.0,0.000862,0.0,0.001312,0.0,4.8e-05,0.0
ZJ016523,0.081701,0.005834,0.083732,0.000243,0.000735,0.000954,0.8204,0.006401
ZJ016524,0.132629,0.005523,0.294471,0.326179,0.006337,0.034142,0.003836,0.196882
ZJ016525,0.664011,7e-06,0.015581,0.000777,0.318018,0.000866,0.000151,0.000589
ZJ016526,0.952667,3.7e-05,0.024921,0.000133,0.018083,3.2e-05,0.001351,0.002775
ZJ016527,0.0,0.0,3.5e-05,0.999964,0.0,0.0,0.0,0.0
ZJ016528,0.206717,0.016155,0.661975,1e-06,8.3e-05,0.001864,0.112369,0.000836
ZJ016529,0.001349,4e-06,0.030485,0.002757,8e-06,0.883768,0.081628,1e-06
ZJ016530,0.004087,0.00069,0.20323,8e-06,0.011106,0.780346,0.000531,1e-06
ZJ016531,0.019305,1e-05,0.054969,0.905972,0.000158,0.002181,0.000129,0.017275
ZJ016532,0.0,0.0,0.0,0.0,0.0,1.0,0.0,0.0
ZJ016533,0.316783,0.048176,0.402797,0.001656,0.007498,0.057859,0.149684,0.015548
ZJ016534,0.16489,0.004084,0.155627,0.505879,0.009523,0.017514,0.009935,0.132548
ZJ016535,0.014311,0.004636,0.003695,0.0,0.166143,0.000128,0.811044,4.2e-05
ZJ016536,0.215972,0.04494,0.132165,7.7e-05,0.003708,0.000987,0.584597,0.017553
ZJ016537,0.633895,0.001815,0.32959,5.6e-05,0.005172,0.020758,0.00776,0.000954
ZJ016538,0.433304,0.004355,0.053273,1.1e-05,0.005356,9.2e-05,0.500181,0.003427
ZJ016539,0.335958,0.009589,0.580572,0.002395,0.003035,0.005251,0.010766,0.052435
ZJ016540,0.004146,0.963304,0.015842,0.0,4e-06,0.0,0.009916,0.006787
ZJ016541,0.29296,0.024521,0.595595,0.000473,0.004048,0.019912,0.054342,0.00815
ZJ016542,0.009292,0.0,0.029688,0.957175,3.3e-05,0.000846,3.3e-05,0.002932
ZJ016543,0.211906,1e-06,0.011551,0.738653,0.022253,0.013137,0.001597,0.000902
ZJ016544,0.989689,1e-06,0.005088,0.0,0.004743,2e-06,0.000468,9e-06
ZJ016545,0.339028,0.003809,0.632331,0.000528,0.003084,0.003866,0.002815,0.01454
ZJ016546,0.123379,0.003246,0.464462,0.203711,0.074944,0.030468,0.000378,0.099412
ZJ016547,0.001065,1.1e-05,0.125706,3e-06,0.000343,0.872847,2.4e-05,0.0
ZJ016548,0.637636,0.001972,0.335218,0.000281,0.005996,0.00231,0.010302,0.006284
ZJ016549,0.300682,0.032358,0.561976,0.000369,0.004544,0.019748,0.07172,0.008603
ZJ016550,0.978956,2.2e-05,0.013408,2e-06,0.001868,1e-06,0.004367,0.001377
ZJ016551,2.2e-05,0.998969,0.000572,0.0,0.0,0.0,0.000277,0.000161
ZJ016552,0.062261,0.02018,0.894258,0.0,7.7e-05,0.006232,0.016735,0.000258
ZJ016553,0.201185,0.033004,0.401608,9e-06,0.00049,0.003362,0.357436,0.002906
ZJ016554,0.051215,0.005944,0.880814,9e-06,0.000707,0.058527,0.002619,0.000165
ZJ016555,0.502503,0.010099,0.334664,0.023937,0.028472,0.014182,0.020147,0.065997
ZJ016556,0.07332,0.038445,0.441993,0.000264,0.027842,0.364831,0.052306,0.000999
ZJ016557,0.120702,0.382884,0.173086,0.000249,0.002221,0.001426,0.107866,0.211565
ZJ016558,0.0,0.0,0.0,0.0,0.0,1.0,0.0,0.0
ZJ016559,0.373271,0.041975,0.38788,0.006312,0.017305,0.051825,0.08688,0.034553
ZJ016560,0.001578,5.3e-05,0.250249,0.0,0.000511,0.74757,3.9e-05,0.0
ZJ016561,0.940926,0.000239,0.046641,2e-06,0.005577,8e-05,0.006153,0.000382
ZJ016562,0.464408,0.072639,0.168315,0.003146,0.017555,0.001591,0.08565,0.186696
ZJ016563,0.096485,0.433553,0.286062,0.000104,0.011785,0.033467,0.113125,0.025419
ZJ016564,0.056137,0.754536,0.07624,0.0,0.000441,5.5e-05,0.069344,0.043248
ZJ016565,0.0,0.0,0.0,0.0,0.0,1.0,0.0,0.0
ZJ016566,0.061436,0.010418,0.900195,0.0,1.8e-05,0.004323,0.023557,5.3e-05
ZJ016567,0.001979,4.6e-05,0.062783,0.003221,0.0,2e-06,2e-06,0.931967
ZJ016568,0.0,0.0,0.0,0.0,0.0,1.0,0.0,0.0
ZJ016569,0.206884,0.045711,0.663768,2.8e-05,0.000435,0.002345,0.070362,0.010467
ZJ016570,0.0,0.999956,1.8e-05,0.0,0.0,0.0,2.5e-05,1e-06
ZJ016571,0.002494,7.1e-05,0.181266,1.4e-05,0.001685,0.8144,6.9e-05,2e-06
ZJ016572,0.018276,0.084884,0.083797,1.6e-05,9e-06,2e-06,0.006221,0.806796
ZJ016573,0.217437,0.277862,0.261113,0.000201,0.002682,0.001822,0.06694,0.171944
ZJ016574,4.7e-05,0.0,0.005389,0.000835,0.0,0.0,0.0,0.993729
ZJ016575,0.007307,7e-05,0.670841,5.9e-05,0.000635,0.321053,1.1e-05,2.4e-05
ZJ016576,0.327839,0.253328,0.269726,4.9e-05,0.005336,0.002423,0.065432,0.075867
ZJ016577,0.394768,0.011543,0.487244,0.004734,0.004818,0.006387,0.011868,0.078637
ZJ016578,0.280532,0.052054,0.458813,0.003305,0.019483,0.132508,0.034104,0.019201
ZJ016579,0.092695,0.58185,0.117435,3e-06,0.00142,0.000674,0.161532,0.044392
ZJ016580,0.054671,0.682501,0.102636,9e-06,0.001361,0.000473,0.060362,0.097987
ZJ016581,0.014765,0.896157,0.040837,0.0,2.6e-05,3e-06,0.027514,0.020699
ZJ016582,0.0,0.0,0.0,0.0,0.0,1.0,0.0,0.0
ZJ016583,0.398556,0.018546,0.477038,0.00096,0.011566,0.059562,0.027491,0.006281
ZJ016584,0.124804,0.000504,0.864534,0.000645,0.000535,0.002553,0.000105,0.006321
ZJ016585,0.0,0.0,0.0,0.0,0.0,1.0,0.0,0.0
ZJ016586,0.272139,0.006203,0.637669,0.006648,0.00342,0.009416,0.004591,0.059913
ZJ016587,0.0,0.0,1.0,0.0,0.0,0.0,0.0,0.0
ZJ016588,0.85238,0.0,0.002151,0.000169,0.145133,9e-05,5.6e-05,2.1e-05
ZJ016589,0.187823,0.037742,0.546865,1e-06,0.000335,0.00802,0.218465,0.000749
ZJ016590,0.250367,0.141751,0.137955,0.002822,0.028049,0.006796,0.328453,0.103806
ZJ016591,0.022917,9.9e-05,0.003958,0.0,6e-06,0.0,0.973001,2e-05
ZJ016592,0.138071,0.001426,0.110861,0.166547,0.000569,0.000227,0.00422,0.57808
ZJ016593,0.185777,0.189441,0.246594,0.003934,0.032909,0.075753,0.229536,0.036056
ZJ016594,0.954393,0.000147,0.030325,2.4e-05,0.004081,7e-06,0.005475,0.005547
ZJ016595,0.233043,0.113375,0.205844,0.000464,0.004909,0.004093,0.38313,0.055143
ZJ016596,0.08777,0.001529,0.073185,0.0,5.6e-05,2.2e-05,0.837405,3.3e-05
ZJ016597,0.339491,0.007257,0.371804,2e-06,0.000367,0.001726,0.278825,0.000529
ZJ016598,0.0,0.0,0.0,0.0,0.0,1.0,0.0,0.0
ZJ016599,8e-05,0.997702,0.001087,0.0,0.0,0.0,0.001034,9.7e-05
ZJ016600,1.2e-05,0.999494,0.000229,0.0,0.0,0.0,0.000236,2.8e-05
ZJ016601,0.225992,0.114924,0.257258,0.004014,0.021441,0.079788,0.265768,0.030815
ZJ016602,0.936139,0.00022,0.037637,0.00011,0.005411,1.2e-05,0.006849,0.013622
ZJ016603,2.4e-05,0.0,5e-06,0.0,0.0,0.0,0.99997,0.0
ZJ016604,0.100053,0.000443,0.235129,0.55189,0.015992,0.006867,0.000161,0.089465
ZJ016605,0.000399,0.0,0.000795,0.0,0.0,0.0,0.998805,0.0
ZJ016606,0.099354,0.447223,0.129448,3.9e-05,0.001424,0.000221,0.091883,0.230406
ZJ016607,0.0,0.0,0.000351,0.0,0.0,0.999649,0.0,0.0
ZJ016608,0.007134,1e-06,0.039611,0.948662,2.1e-05,0.002405,9.5e-05,0.002072
ZJ016609,0.275051,0.171058,0.340973,0.001053,0.00652,0.006417,0.05544,0.143486
ZJ016610,0.273031,0.034046,0.160288,0.000589,0.004455,0.001883,0.490979,0.034729
ZJ016611,0.041641,0.000526,0.011569,0.0,0.000132,2e-06,0.946087,4.3e-05
ZJ016612,0.048169,6.2e-05,0.121775,0.707486,0.000378,0.00192,0.000135,0.120075
ZJ016613,0.0,0.0,0.0,0.0,0.0,1.0,0.0,0.0
ZJ016614,0.891927,0.0,0.000974,3e-06,0.107086,4e-06,2e-06,4e-06
ZJ016615,0.742386,0.008986,0.170873,0.000305,0.017722,0.002946,0.044612,0.012171
ZJ016616,0.163103,0.080819,0.45969,0.002396,0.020077,0.181358,0.081851,0.010707
ZJ016617,0.092273,0.559872,0.139432,6.3e-05,0.003339,0.001681,0.085051,0.118288
ZJ016618,0.951569,6.2e-05,0.028392,0.000171,0.012207,3.1e-05,0.00298,0.004587
ZJ016619,0.020203,0.0,0.004729,0.954384,8.6e-05,0.020256,0.000289,5.3e-05
ZJ016620,0.033127,1.1e-05,0.024542,0.929016,0.000622,0.006862,0.001014,0.004806
ZJ016621,0.001009,0.0,0.001011,0.997291,2e-06,0.000607,3.7e-05,4.3e-05
ZJ016622,0.710514,0.001422,0.263538,0.000409,0.00511,0.002618,0.009478,0.006912
ZJ016623,0.025456,5e-06,0.056988,0.909601,0.000774,0.001597,6.7e-05,0.005513
ZJ016624,0.098704,0.129758,0.067163,0.006169,0.452089,0.026055,0.175285,0.044778
ZJ016625,0.998203,0.0,0.000425,0.0,0.00137,0.0,3e-06,0.0
ZJ016626,0.983288,0.0,0.007589,4.2e-05,0.008907,0.000136,3e-05,8e-06
ZJ016627,0.0,0.0,0.0,0.0,0.0,0.0,1.0,0.0
ZJ016628,0.999229,0.0,9.1e-05,0.0,0.000677,0.0,3e-06,0.0
ZJ016629,0.005222,0.0,0.003195,0.987596,2.5e-05,0.00338,0.000346,0.000236
ZJ016630,0.109202,0.00086,0.020869,0.0,0.000687,9e-06,0.868257,0.000116
ZJ016631,0.118408,0.001792,0.521726,0.15802,0.004678,0.012775,0.000325,0.182275
ZJ016632,0.168387,0.0,0.032299,0.648363,0.000599,0.150303,4.1e-05,8e-06
ZJ016633,0.257175,0.026189,0.27871,4.9e-05,0.001721,0.003554,0.427132,0.005469
ZJ016634,0.095227,0.618827,0.073904,0.0,0.001833,0.000159,0.195598,0.014452
ZJ016635,0.442178,0.03538,0.270947,0.001079,0.011927,0.021886,0.200195,0.016408
ZJ016636,0.000917,1.3e-05,0.025821,0.001085,0.0,0.0,1e-06,0.972164
ZJ016637,0.187813,0.17201,0.166205,0.000296,0.003341,0.001366,0.359747,0.109222
ZJ016638,0.070958,0.000942,0.094622,0.086482,8.7e-05,7.2e-05,0.002086,0.74475
ZJ016639,0.036473,5.4e-05,0.072037,0.747269,0.000151,0.000743,0.000257,0.143015
ZJ016640,0.320186,0.1779,0.30915,0.000745,0.009426,0.005749,0.04583,0.131013
ZJ016641,0.00028,0.0,0.000592,0.99869,0.0,0.000392,3.3e-05,1.3e-05
ZJ016642,0.006527,0.0,0.000716,0.990754,1.8e-05,0.001886,7.6e-05,2.3e-05
ZJ016643,0.094229,0.046493,0.124469,6.6e-05,0.00128,0.001579,0.715902,0.015981
ZJ016644,0.182132,0.118883,0.266691,0.016672,0.008589,0.017096,0.155784,0.234152
ZJ016645,0.886912,0.001022,0.061023,1e-05,0.007393,0.000174,0.042101,0.001364
ZJ016646,4.7e-05,0.0,6e-06,0.0,0.0,0.0,0.999947,0.0
ZJ016647,0.035409,3.6e-05,0.118905,0.601421,0.000107,0.000621,5.1e-05,0.24345
ZJ016648,0.180425,0.008979,0.726413,2e-06,0.000104,0.004515,0.079212,0.000351
ZJ016649,0.090195,0.000654,0.123983,0.673048,0.002386,0.008226,0.00228,0.099227
ZJ016650,0.174973,0.003347,0.805572,0.000329,0.001157,0.00359,0.000896,0.010136
ZJ016651,0.041918,0.000886,0.017367,0.0,0.000232,1.4e-05,0.939398,0.000185
ZJ016652,0.226053,0.025868,0.677256,0.001041,0.010168,0.032714,0.014336,0.012563
ZJ016653,0.990581,0.0,0.003851,0.0,0.005492,7e-06,6.7e-05,2e-06
ZJ016654,0.421086,0.026602,0.457992,0.002559,0.007828,0.013701,0.02915,0.041081
ZJ016655,0.850386,0.001464,0.032975,3.1e-05,0.060875,0.000179,0.049325,0.004765
ZJ016656,0.000184,0.995405,0.001655,0.0,0.0,0.0,0.002556,0.0002
ZJ016657,0.112077,0.057153,0.296565,0.0,0.000215,0.001287,0.531864,0.00084
ZJ016658,0.099746,0.007843,0.287631,0.082334,0.001751,0.005483,0.001644,0.513569
ZJ016659,0.075057,0.000648,0.736701,0.004594,0.001077,0.178636,0.002567,0.00072
ZJ016660,0.32935,0.002956,0.637676,0.000662,0.001448,0.002817,0.002003,0.023087
ZJ016661,0.449901,0.001231,0.52938,0.000648,0.005179,0.003371,0.003022,0.007268
ZJ016662,0.0,0.0,9.3e-05,0.0,0.0,0.999907,0.0,0.0
ZJ016663,0.0,0.0,0.0,0.0,0.0,1.0,0.0,0.0
ZJ016664,0.262155,0.001982,0.395851,0.163575,0.069964,0.017852,0.000672,0.08795
ZJ016665,0.115778,0.09055,0.75584,5e-06,0.000157,0.001829,0.022061,0.013779
ZJ016666,0.270985,0.010658,0.055877,0.00081,0.001205,1.4e-05,0.450778,0.209671
ZJ016667,0.965871,1.5e-05,0.011546,9e-06,0.020482,9e-06,0.001423,0.000646
ZJ016668,0.047541,0.011748,0.160825,0.003597,0.000148,0.000143,0.001775,0.774224
ZJ016669,0.190666,0.017977,0.085224,0.003204,0.262556,0.025571,0.410052,0.004749
ZJ016670,0.198475,0.000714,0.249749,0.46585,0.007478,0.0132,0.001585,0.06295
ZJ016671,0.203645,0.010377,0.678609,0.006676,0.003463,0.009359,0.002477,0.085394
ZJ016672,0.239182,9.3e-05,0.026675,0.005925,0.718601,0.007449,0.000621,0.001454
ZJ016673,0.046043,0.001451,0.905223,0.0,3e-06,0.00087,0.046406,5e-06
ZJ016674,0.756365,0.001871,0.2135,3e-05,0.004009,0.004577,0.018336,0.001313
ZJ016675,0.003829,5e-06,0.002066,0.0,0.0,0.0,0.994098,2e-06
ZJ016676,0.354718,0.057428,0.395953,0.001473,0.006237,0.012776,0.137855,0.033558
ZJ016677,0.890887,1e-06,0.044076,0.023795,0.017763,0.023098,0.000174,0.000207
ZJ016678,0.120055,0.008425,0.13137,0.0,0.000248,0.00023,0.739046,0.000627
ZJ016679,0.08575,0.020191,0.324603,0.004374,0.015816,0.504911,0.041553,0.002803
ZJ016680,0.913135,0.000534,0.043789,9.9e-05,0.005091,8e-06,0.011081,0.026263
ZJ016681,0.000107,0.0,8.2e-05,0.0,0.0,0.0,0.999811,0.0
ZJ016682,0.001064,8e-06,0.001972,0.0,0.0,0.0,0.996955,0.0
ZJ016683,0.25686,0.010148,0.690167,0.000654,0.001845,0.003803,0.00293,0.033592
ZJ016684,0.982557,0.0,0.001315,0.000142,0.015931,5.2e-05,2e-06,0.0
ZJ016685,0.076208,0.020099,0.863665,1.3e-05,0.000737,0.028289,0.010351,0.000638
ZJ016686,0.098301,0.747886,0.065303,0.0,0.000123,3e-06,0.066749,0.021636
ZJ016687,0.489603,0.010673,0.434454,0.001165,0.008554,0.008954,0.029589,0.017007
ZJ016688,0.245505,0.29616,0.259217,0.000324,0.009507,0.014774,0.106161,0.068353
ZJ016689,0.553937,0.002039,0.409507,0.000486,0.006853,0.005166,0.017466,0.004546
ZJ016690,0.056973,0.010746,0.314144,0.002303,0.019691,0.586029,0.008832,0.001282
ZJ016691,0.068986,0.000104,0.014491,0.0,4.2e-05,1e-06,0.916364,1.3e-05
ZJ016692,0.0,0.0,1.0,0.0,0.0,0.0,0.0,0.0
ZJ016693,0.0,0.0,0.0,0.0,0.0,1.0,0.0,0.0
ZJ016694,0.978043,1.1e-05,0.016124,3e-06,0.004267,5e-06,0.001137,0.000409
ZJ016695,0.001028,2e-06,0.000309,0.0,0.0,0.0,0.99866,2e-06
ZJ016696,0.112818,0.009798,0.723465,0.0,1.2e-05,0.000937,0.152874,9.7e-05
ZJ016697,0.087533,0.004405,0.074893,0.000112,0.001047,0.001193,0.828315,0.002503
ZJ016698,0.0,0.0,0.0,0.0,1.0,0.0,0.0,0.0
ZJ016699,0.998783,0.0,0.000578,0.0,0.000633,0.0,6e-06,0.0
ZJ016700,0.0,0.0,0.0,0.0,0.0,1.0,0.0,0.0
ZJ016701,0.015944,0.890566,0.045436,0.0,5.6e-05,7e-06,0.025072,0.02292
ZJ016702,0.000251,0.0,0.000247,0.0,0.0,0.0,0.999502,0.0
ZJ016703,0.06727,0.038934,0.791442,0.000153,0.002166,0.084443,0.012992,0.0026
ZJ016704,0.0,0.0,4.5e-05,0.0,0.0,0.999955,0.0,0.0
ZJ016705,0.39212,0.031307,0.100249,0.002817,0.003546,5.5e-05,0.09434,0.375565
ZJ016706,0.10287,0.018823,0.256786,0.033136,0.00158,0.002291,0.004919,0.579595
ZJ016707,0.234577,0.010872,0.711951,6e-06,0.0002,0.002589,0.038247,0.001559
ZJ016708,0.000321,2e-06,0.010233,0.000147,0.0,0.0,0.0,0.989296
ZJ016709,0.420929,0.075604,0.175413,0.008526,0.024617,0.006666,0.15198,0.136265
ZJ016710,0.493941,0.016853,0.350753,0.009978,0.01622,0.011051,0.033551,0.067652
ZJ016711,0.053854,0.366725,0.518453,1e-06,0.002838,0.021481,0.032721,0.003927
ZJ016712,0.130677,0.400643,0.175329,0.000175,0.003196,0.00128,0.083351,0.205349
ZJ016713,0.153727,0.058993,0.240869,2.6e-05,0.0008,0.001921,0.531865,0.011798
ZJ016714,6.6e-05,0.0,0.020183,0.0,1e-06,0.979745,5e-06,0.0
ZJ016715,0.509386,0.004018,0.417659,0.002641,0.024506,0.022407,0.0113,0.008083
ZJ016716,0.082559,0.006627,0.89057,0.0,9e-06,0.001364,0.018786,8.4e-05
ZJ016717,0.773992,0.000894,0.207081,6.2e-05,0.002875,0.003464,0.009914,0.001718
ZJ016718,5e-06,0.0,0.008638,0.0,0.0,0.991356,0.0,0.0
ZJ016719,0.319097,0.060667,0.433583,0.000887,0.004545,0.014134,0.138601,0.028485
ZJ016720,0.916284,0.000337,0.03376,4.9e-05,0.002234,1e-06,0.014408,0.032927
ZJ016721,3e-05,0.0,0.019127,0.0,4e-06,0.980839,0.0,0.0
ZJ016722,0.0,0.0,0.0,0.0,0.0,1.0,0.0,0.0
ZJ016723,0.022301,5e-06,0.015822,0.947829,0.000268,0.009721,0.001747,0.002308
ZJ016724,0.309652,0.029574,0.56272,0.000238,0.003002,0.010994,0.074456,0.009363
ZJ016725,0.0,0.0,3.1e-05,0.0,0.0,0.999969,0.0,0.0
ZJ016726,0.034962,0.795055,0.077705,0.0,0.000212,5.9e-05,0.04752,0.044487
ZJ016727,0.093874,0.021515,0.350325,0.002718,0.022137,0.487148,0.019691,0.002591
ZJ016728,0.277349,0.0,0.006337,0.539724,0.168698,0.007759,4.3e-05,8.9e-05
ZJ016729,0.423148,0.054596,0.324129,0.00267,0.011118,0.00838,0.115078,0.060883
ZJ016730,0.043776,9.1e-05,0.1554,0.766631,0.000568,0.014663,0.001464,0.017409
ZJ016731,0.984587,0.0,0.000545,1e-06,0.014864,2e-06,1e-06,0.0
ZJ016732,0.017052,0.001083,0.951741,0.0,7.9e-05,0.029365,0.000678,3e-06
ZJ016733,0.061021,0.147943,0.148045,0.000145,0.000225,4.9e-05,0.021307,0.621264
ZJ016734,0.945189,4.5e-05,0.012153,1.1e-05,0.037753,1.4e-05,0.00382,0.001016
ZJ016735,0.003353,4e-06,0.001624,0.0,0.0,0.0,0.995019,0.0
ZJ016736,0.048961,0.606614,0.056719,0.0,0.000276,3.4e-05,0.278659,0.008736
ZJ016737,0.19082,0.007206,0.125322,0.065422,0.001326,0.000334,0.013963,0.595607
ZJ016738,0.053854,0.366725,0.518453,1e-06,0.002838,0.021481,0.032721,0.003927
ZJ016739,0.004007,1e-06,0.001477,0.0,0.0,0.0,0.994514,1e-06
ZJ016740,0.002558,0.0,0.002607,0.983369,1.2e-05,0.009701,0.001672,8.1e-05
ZJ016741,0.130594,0.001922,0.090934,0.037644,0.000177,3.6e-05,0.006162,0.732531
ZJ016742,0.99179,1e-06,0.005355,0.0,0.002304,0.0,0.000445,0.000105
ZJ016743,0.034167,0.001463,0.240115,5e-05,0.002394,0.720322,0.001447,4.1e-05
ZJ016744,0.826089,4e-05,0.065692,0.02491,0.073139,0.006099,0.001327,0.002704
ZJ016745,0.345883,0.12488,0.361232,0.000693,0.006384,0.004675,0.04049,0.115763
ZJ016746,0.983612,0.0,0.003594,0.0,0.012599,2e-06,0.00018,1.2e-05
ZJ016747,0.05509,0.000275,0.00555,0.0,1.7e-05,0.0,0.938978,9.1e-05
ZJ016748,0.242876,0.291534,0.205751,0.000656,0.011463,0.007471,0.122106,0.118141
ZJ016749,0.468714,0.014865,0.235563,1.2e-05,0.000916,0.000417,0.273336,0.006178
ZJ016750,0.172068,0.359884,0.191223,0.000497,0.005904,0.004516,0.122243,0.143665
ZJ016751,0.366132,0.010503,0.575562,0.000958,0.004841,0.013397,0.015205,0.013404
ZJ016752,0.0,0.999996,1e-06,0.0,0.0,0.0,2e-06,0.0
ZJ016753,0.002796,0.000241,0.004881,0.0,0.0,0.0,0.992052,2.9e-05
ZJ016754,0.028041,0.001321,0.122612,0.030229,3.2e-05,9.4e-05,0.000399,0.817274
ZJ016755,0.00895,0.00019,0.006026,0.0,2e-06,0.0,0.984805,2.7e-05
ZJ016756,0.071623,0.00087,0.923996,1.6e-05,0.000548,0.001912,0.000329,0.000706
ZJ016757,0.0,0.999989,4e-06,0.0,0.0,0.0,6e-06,0.0
ZJ016758,0.016632,0.000119,0.009777,0.0,4e-06,0.0,0.973459,9e-06
ZJ016759,0.970132,0.0,0.006847,0.006273,0.015085,0.001644,1.5e-05,4e-06
ZJ016760,0.167378,0.018085,0.754919,2e-06,8e-05,0.004064,0.05482,0.000652
ZJ016761,0.312512,0.005867,0.65787,0.000309,0.001934,0.003178,0.00402,0.014309
ZJ016762,0.142042,0.002033,0.710839,0.061758,0.005585,0.011135,0.000579,0.066028
ZJ016763,0.031335,0.003216,0.222831,0.000374,0.004638,0.731612,0.005808,0.000187
ZJ016764,0.278222,0.00171,0.707895,0.000173,0.001367,0.001723,0.000987,0.007924
ZJ016765,0.393075,0.028012,0.42264,0.002257,0.010228,0.022281,0.102102,0.019405
ZJ016766,0.237335,0.10161,0.571616,0.000331,0.002847,0.007594,0.019046,0.059621
ZJ016767,0.443485,0.035431,0.181572,0.000564,0.007499,0.002322,0.296104,0.033023
ZJ016768,0.235364,0.074853,0.181067,0.000395,0.005503,0.003715,0.460474,0.038628
ZJ016769,0.373476,0.070583,0.368072,0.003753,0.009029,0.008487,0.05008,0.116521
ZJ016770,0.591695,0.00355,0.099835,0.003065,0.002633,3.6e-05,0.021843,0.277344
ZJ016771,0.152361,0.002916,0.750302,0.031498,0.005579,0.013471,0.000973,0.0429
ZJ016772,0.0,0.0,0.0,0.0,0.0,1.0,0.0,0.0
ZJ016773,0.981231,5e-06,0.015113,0.0,0.002805,1.8e-05,0.0008,2.8e-05
ZJ016774,0.442398,0.029581,0.362079,0.005652,0.019662,0.047297,0.063965,0.029367
ZJ016775,0.139933,0.002541,0.838295,0.0,2.2e-05,0.00127,0.017862,7.6e-05
ZJ016776,0.015429,1.4e-05,0.148851,0.355625,1.8e-05,0.000197,3e-06,0.479863
ZJ016777,0.0,0.0,0.0,0.0,0.0,0.0,0.999999,0.0
ZJ016778,0.010846,0.000266,0.168216,0.036523,3.8e-05,0.00012,7e-06,0.783983
ZJ016779,0.201799,0.357564,0.1768,9.9e-05,0.004283,0.002505,0.171884,0.085064
ZJ016780,0.031694,0.004181,0.03593,0.0,4.5e-05,1.8e-05,0.927083,0.001049
ZJ016781,0.179066,0.192709,0.353318,0.000208,0.002233,0.009742,0.214328,0.048396
ZJ016782,0.946275,3.3e-05,0.047492,1.5e-05,0.003201,0.000292,0.002477,0.000216
ZJ016783,0.119485,0.460568,0.176789,0.000265,0.004776,0.003388,0.078015,0.156714
ZJ016784,0.972766,7e-06,0.009527,3e-06,0.016687,7e-06,0.000805,0.000197
ZJ016785,0.759669,0.0005,0.228421,4e-06,0.001666,0.002859,0.006621,0.00026
ZJ016786,0.22707,0.001951,0.296175,0.326495,0.022609,0.016126,0.001402,0.108173
ZJ016787,0.151832,0.026928,0.600317,1e-06,0.000201,0.006836,0.21341,0.000474
ZJ016788,0.286683,0.154545,0.234172,0.000979,0.02099,0.031088,0.241612,0.02993
ZJ016789,0.014588,0.899324,0.040245,0.0,4.3e-05,5e-06,0.027443,0.018354
ZJ016790,0.040385,0.74957,0.103131,1e-06,0.000329,0.000189,0.05022,0.056175
ZJ016791,0.290017,0.023166,0.57789,0.000749,0.008079,0.02529,0.066729,0.008079
ZJ016792,0.193191,0.010506,0.77862,0.000103,0.001005,0.003519,0.004562,0.008493
ZJ016793,0.392502,0.014312,0.389094,0.000721,0.005685,0.017046,0.173735,0.006904
ZJ016794,0.254501,0.000173,0.058612,0.004326,3.1e-05,1e-06,0.00436,0.677997
ZJ016795,0.327886,0.006007,0.430501,0.067129,0.022273,0.014144,0.004091,0.127969
ZJ016796,0.141371,0.046868,0.43837,1e-06,0.000159,0.001451,0.369559,0.002222
ZJ016797,0.055745,0.000238,0.005198,0.0,2.7e-05,0.0,0.938684,0.000109
ZJ016798,0.087538,0.466117,0.166182,0.000474,0.033873,0.044014,0.156219,0.045582
ZJ016799,0.010173,0.807731,0.036355,0.0,7e-06,0.0,0.028787,0.116947
ZJ016800,0.10352,0.59361,0.132474,9e-06,0.001862,0.0007,0.088933,0.078893
ZJ016801,0.71182,3e-05,0.045958,0.006572,0.229082,0.004793,0.000479,0.001265
ZJ016802,0.0,0.0,4.5e-05,0.0,0.0,0.999955,0.0,0.0
ZJ016803,0.212587,0.136731,0.334569,0.003513,0.005367,0.009023,0.045072,0.253139
ZJ016804,0.924421,0.0,0.003836,0.000228,0.071397,0.000107,2e-06,8e-06
ZJ016805,0.002278,1.2e-05,0.057389,0.009249,0.0,1e-06,1e-06,0.931069
ZJ016806,0.015874,0.0,1.1e-05,1e-06,0.984111,2e-06,0.0,0.0
ZJ016807,0.585526,0.012016,0.227664,0.017778,0.035937,0.009305,0.036029,0.075744
ZJ016808,0.550015,0.005084,0.297124,4.4e-05,0.006216,0.01015,0.130494,0.000873
ZJ016809,0.05633,0.000165,0.13691,0.527731,0.000357,0.001249,0.000218,0.27704
ZJ016810,2e-05,0.0,7e-06,0.0,0.999968,4e-06,0.0,0.0
ZJ016811,0.095346,0.253104,0.108999,1.5e-05,0.000435,0.000116,0.396231,0.145753
ZJ016812,0.0,0.0,7e-06,0.0,0.0,0.999993,0.0,0.0
ZJ016813,0.035002,0.018047,0.110777,0.002741,6.6e-05,5.6e-05,0.004896,0.828415
ZJ016814,0.051562,0.001804,0.156023,0.054203,0.000135,0.000206,0.000786,0.735282
ZJ016815,0.281235,0.112263,0.282119,0.005064,0.006107,0.005477,0.07877,0.228964
ZJ016816,0.268446,0.153289,0.275405,0.00214,0.005669,0.007769,0.153129,0.134153
ZJ016817,3e-06,0.0,2e-06,0.0,0.0,0.0,0.999995,0.0
ZJ016818,0.401914,0.000384,0.539179,0.012957,0.011334,0.026371,0.005489,0.002372
ZJ016819,0.961094,1.8e-05,0.017885,2.2e-05,0.019227,5.5e-05,0.001307,0.000392
ZJ016820,0.013599,0.004667,0.352542,0.000279,0.017924,0.609929,0.000852,0.000209
ZJ016821,0.784227,2.1e-05,0.042348,0.009557,0.155808,0.005915,0.001291,0.000833
ZJ016822,0.34705,0.007711,0.580127,0.002748,0.005029,0.004895,0.004927,0.047512
ZJ016823,0.040435,0.000294,0.040482,0.0,5e-06,3e-06,0.918763,1.8e-05
ZJ016824,0.138868,0.006392,0.749598,0.004055,0.000916,0.004418,0.000911,0.094842
ZJ016825,0.020063,4e-05,0.628683,0.021822,5.5e-05,0.000178,0.0,0.329159
ZJ016826,0.991267,1e-06,0.002362,0.0,0.00331,0.0,0.003048,1.4e-05
ZJ016827,0.017219,0.00126,0.923452,1e-06,0.000371,0.057369,0.000313,1.4e-05
ZJ016828,0.053053,0.000183,0.114051,0.623808,0.000452,0.001706,0.000342,0.206404
ZJ016829,0.104816,0.0,5.5e-05,0.0,0.895128,1e-06,0.0,0.0
ZJ016830,0.198664,0.028084,0.281044,0.081928,0.005012,0.011907,0.02506,0.368301
ZJ016831,0.0,0.0,0.0,0.0,0.0,1.0,0.0,0.0
ZJ016832,0.447254,1e-06,0.007391,0.000455,0.544233,0.000555,3.5e-05,7.6e-05
ZJ016833,0.992102,0.0,0.005218,0.0,0.002457,2e-06,0.000217,3e-06
ZJ016834,0.511995,0.017095,0.107921,0.007022,0.010123,0.000217,0.052366,0.293261
ZJ016835,0.183975,0.061703,0.384347,0.00068,0.008642,0.123884,0.230996,0.005772
ZJ016836,0.994139,0.0,0.001806,0.0,0.004021,1e-06,3.2e-05,1e-06
ZJ016837,0.043051,0.707343,0.083355,1e-06,0.000321,7.6e-05,0.092654,0.073198
ZJ016838,0.079308,0.01275,0.072861,3.2e-05,0.000437,0.000237,0.822598,0.011776
ZJ016839,0.012486,0.003291,0.981532,0.0,1e-06,0.000741,0.001946,3e-06
ZJ016840,0.600551,0.02299,0.13242,0.001032,0.007992,0.000606,0.165695,0.068714
ZJ016841,0.999968,0.0,0.0,0.0,3.2e-05,0.0,0.0,0.0
ZJ016842,0.140958,0.081492,0.175991,0.000647,0.002428,0.003593,0.53517,0.05972
ZJ016843,0.06382,0.000115,0.933311,0.000111,9.8e-05,0.000955,1.5e-05,0.001574
ZJ016844,0.523331,0.01612,0.225649,0.000129,0.00979,0.00464,0.214093,0.006247
ZJ016845,0.021502,7.6e-05,0.868834,0.001694,0.001346,0.106291,2e-05,0.000237
ZJ016846,1e-06,0.0,0.999999,0.0,0.0,0.0,0.0,0.0
ZJ016847,0.942852,0.000207,0.039913,8e-06,0.010269,0.000135,0.006093,0.000522
ZJ016848,0.515316,0.003599,0.43973,0.000406,0.005361,0.006271,0.023904,0.005412
ZJ016849,3e-06,0.0,1.1e-05,0.999976,0.0,1e-05,0.0,0.0
ZJ016850,0.158792,1e-06,0.013826,0.778833,0.011519,0.035444,0.001149,0.000434
ZJ016851,0.075769,0.00082,0.875162,0.001556,0.00016,0.001023,5.9e-05,0.045452
ZJ016852,0.145688,0.000539,0.739536,0.027014,0.009318,0.00364,4.1e-05,0.074225
ZJ016853,0.0,0.0,0.0,0.0,0.0,1.0,0.0,0.0
ZJ016854,0.38516,0.020616,0.358185,0.000275,0.003334,0.013258,0.211982,0.00719
ZJ016855,0.223524,0.01681,0.668367,0.002862,0.00259,0.007511,0.007176,0.071159
ZJ016856,0.460095,0.009233,0.47858,0.001061,0.005464,0.004637,0.015113,0.025817
ZJ016857,0.034364,0.000377,0.247697,0.206252,0.000154,0.001403,6.3e-05,0.50969
ZJ016858,0.289234,0.009613,0.642968,5.8e-05,0.001021,0.007819,0.046868,0.002419
ZJ016859,0.200742,0.006485,0.18913,0.281204,0.007265,0.006502,0.007693,0.300979
ZJ016860,0.0,0.0,0.0,0.0,0.0,1.0,0.0,0.0
ZJ016861,0.025331,2.2e-05,0.048463,0.907712,0.000193,0.002795,0.000707,0.014777
ZJ016862,0.086197,0.615031,0.129746,1.3e-05,0.001914,0.000905,0.084174,0.08202
ZJ016863,0.306222,0.245974,0.264215,0.000153,0.005961,0.002862,0.068171,0.106441
ZJ016864,0.295019,0.064766,0.473496,3.9e-05,0.000802,0.003305,0.148603,0.01397
ZJ016865,0.182439,0.013062,0.128592,2e-06,0.000837,0.000298,0.673082,0.001687
ZJ016866,0.399765,0.039402,0.313683,0.020765,0.021881,0.012878,0.04276,0.148864
ZJ016867,0.854254,0.002179,0.104048,0.000107,0.011907,0.000997,0.022848,0.003658
ZJ016868,0.086068,0.650548,0.14533,0.0,0.000195,0.000179,0.09901,0.018671
ZJ016869,0.058027,0.010664,0.125157,0.0,6.1e-05,0.000196,0.805362,0.000534
ZJ016870,0.220034,0.042566,0.183671,6.5e-05,0.001995,0.001527,0.53337,0.016771
ZJ016871,0.684379,0.006874,0.099932,0.000226,0.013697,0.000794,0.184258,0.00984
ZJ016872,0.068882,0.010826,0.272457,0.003271,0.009119,0.580413,0.053929,0.001103
ZJ016873,0.972472,5e-06,0.008388,2e-06,0.018314,5e-06,0.000649,0.000165
ZJ016874,0.107789,0.0032,0.809822,0.0,2e-06,0.000217,0.078949,2.2e-05
ZJ016875,0.080811,0.008608,0.838464,0.0,1.1e-05,0.002311,0.06974,5.6e-05
ZJ016876,0.158058,0.484352,0.183288,8e-06,0.002818,0.00239,0.12525,0.043836
ZJ016877,0.897639,0.0,0.000114,0.0,0.102247,0.0,0.0,0.0
ZJ016878,0.073597,0.00196,0.824803,0.000523,4.2e-05,0.000644,0.000112,0.098319
ZJ016879,0.218405,0.00748,0.197418,0.306149,0.011211,0.013746,0.010376,0.235214
ZJ016880,0.042246,0.7776,0.066585,0.0,0.000191,4.2e-05,0.099595,0.01374
ZJ016881,0.176531,0.0048,0.799444,0.000273,0.002134,0.010416,0.002369,0.004032
ZJ016882,0.008596,0.000974,0.226169,0.0,0.0,4e-05,0.764221,0.0
ZJ016883,0.16335,0.011165,0.811086,7e-06,0.000139,0.002196,0.010034,0.002023
ZJ016884,0.002703,1.5e-05,0.002563,0.0,0.0,0.0,0.994717,1e-06
ZJ016885,0.975435,3e-06,0.007267,8e-06,0.015987,4e-06,0.000924,0.000371
ZJ016886,0.875795,0.00097,0.101266,2.6e-05,0.002829,0.00019,0.015301,0.003622
ZJ016887,0.017477,8e-06,0.020485,0.940869,7.3e-05,0.000827,0.000356,0.019906
ZJ016888,0.263988,0.001746,0.372178,0.243399,0.039711,0.023876,0.001475,0.053627
ZJ016889,0.065123,0.26056,0.079045,0.0,0.002314,0.000579,0.589351,0.003029
ZJ016890,0.034412,0.002742,0.355672,0.004509,5.2e-05,0.000309,0.000143,0.602161
ZJ016891,0.841813,0.002074,0.10145,0.000328,0.016338,0.001304,0.030716,0.005977
ZJ016892,0.765343,0.003297,0.194518,0.000201,0.011035,0.00268,0.01691,0.006016
ZJ016893,0.97528,2e-06,0.021856,3e-06,0.002307,0.000122,0.00041,1.9e-05
ZJ016894,0.396642,0.008988,0.24277,0.030854,0.228717,0.049397,0.009657,0.032974
ZJ016895,0.039518,0.782224,0.084949,0.0,0.000675,0.000241,0.070853,0.02154
ZJ016896,0.178223,0.023801,0.348831,0.007859,0.022222,0.280043,0.134012,0.00501
ZJ016897,0.086462,0.000303,0.01148,0.0,8.1e-05,0.0,0.901544,0.000129
ZJ016898,0.256859,0.005545,0.422922,0.094603,0.096473,0.097922,0.006243,0.019433
ZJ016899,0.241144,0.019014,0.276601,0.000126,0.00353,0.032121,0.425308,0.002156
ZJ016900,0.098509,0.004261,0.722252,0.004832,0.000356,0.00248,0.000377,0.166933
ZJ016901,0.0,0.0,0.0,0.0,0.0,1.0,0.0,0.0
ZJ016902,0.692367,0.012343,0.176895,0.002067,0.01583,0.002933,0.056759,0.040807
ZJ016903,0.612368,0.011582,0.330356,8.9e-05,0.002405,0.000848,0.024083,0.01827
ZJ016904,0.812226,4.7e-05,0.102708,0.012415,0.060793,0.009724,0.000709,0.001378
ZJ016905,0.029311,0.000548,0.958043,0.000428,0.000337,0.010295,8.8e-05,0.00095
ZJ016906,0.284228,0.118135,0.127144,0.009558,0.093483,0.017133,0.248456,0.101863
ZJ016907,0.992425,0.0,0.001725,0.0,0.005782,0.0,6.6e-05,1e-06
ZJ016908,1e-06,0.0,2e-06,0.0,0.0,0.0,0.999998,0.0
ZJ016909,6.6e-05,0.0,0.020243,0.0,4e-06,0.979684,3e-06,0.0
ZJ016910,0.320676,0.006722,0.20457,0.127852,0.056719,0.225864,0.04176,0.015838
ZJ016911,0.004771,8.4e-05,0.003966,0.0,1e-06,0.0,0.991162,1.7e-05
ZJ016912,0.245076,0.113738,0.315123,0.000776,0.003248,0.01254,0.254443,0.055056
ZJ016913,0.146642,0.005629,0.839127,3.2e-05,0.000385,0.002377,0.002033,0.003775
ZJ016914,0.107576,0.000683,0.333351,0.343821,0.003944,0.008843,0.000177,0.201604
ZJ016915,0.175245,0.109786,0.214751,0.000113,0.006649,0.017984,0.464106,0.011366
ZJ016916,0.103504,0.00127,0.884881,0.00014,0.00015,0.001159,0.000186,0.008709
ZJ016917,0.982985,1.1e-05,0.012103,2e-06,0.003162,1e-06,0.001157,0.000579
ZJ016918,0.520161,0.004748,0.438336,0.000513,0.004726,0.003266,0.014271,0.013978
ZJ016919,0.910381,0.0,0.014985,0.000906,0.073192,0.00039,8e-05,6.5e-05
ZJ016920,0.0,0.0,0.0,0.0,0.0,1.0,0.0,0.0
ZJ016921,0.215181,0.022439,0.685376,0.00368,0.007463,0.026875,0.008878,0.030109
ZJ016922,0.216015,0.019792,0.357506,2.8e-05,0.001567,0.009779,0.393754,0.001557
ZJ016923,0.547481,0.002467,0.350636,0.008566,0.046086,0.028537,0.007365,0.008863
ZJ016924,0.093634,0.544753,0.169947,6.9e-05,0.002612,0.002834,0.072827,0.113324
ZJ016925,0.0,0.0,0.0,0.0,0.0,1.0,0.0,0.0
ZJ016926,0.27651,0.001913,0.704065,0.000197,0.002844,0.008341,0.004349,0.001782
ZJ016927,0.001261,2e-06,0.000537,0.0,0.0,0.0,0.998199,0.0
ZJ016928,0.909077,0.000807,0.045168,5e-06,0.003955,2.4e-05,0.03901,0.001954
ZJ016929,0.021687,0.865421,0.048697,0.0,8.9e-05,9e-06,0.033941,0.030156
ZJ016930,0.022059,0.000415,0.008516,0.0,8e-06,0.0,0.966196,0.002805
ZJ016931,0.000203,0.0,0.014524,0.002619,0.0,0.0,0.0,0.982654
ZJ016932,0.824357,6e-06,0.067901,0.038703,0.049725,0.018166,0.000488,0.000653
ZJ016933,0.038129,0.002345,0.025711,0.0,5e-05,6e-06,0.933187,0.000571
ZJ016934,0.102967,0.485663,0.162647,7.9e-05,0.001837,0.001107,0.082449,0.16325
ZJ016935,0.003562,0.961949,0.015009,0.0,3e-06,0.0,0.013873,0.005604
ZJ016936,0.484694,0.012637,0.056292,0.001068,0.012364,4.9e-05,0.310556,0.122338
ZJ016937,0.049807,0.704503,0.037511,0.0,0.000634,2.5e-05,0.205007,0.002512
ZJ016938,0.001841,1.2e-05,0.12751,9e-06,0.000101,0.87042,0.000107,1e-06
ZJ016939,0.23173,0.211985,0.276805,0.000148,0.004228,0.010851,0.230779,0.033474
ZJ016940,0.136648,0.0,2.7e-05,0.0,0.863325,0.0,0.0,0.0
ZJ016941,0.058175,0.000217,0.131949,0.537622,0.000415,0.001396,0.00033,0.269896
ZJ016942,0.085836,0.02192,0.167003,0.0,0.00042,0.001514,0.722738,0.000568
ZJ016943,0.567465,0.024688,0.176314,0.002918,0.007168,0.000684,0.058991,0.161771
ZJ016944,0.305939,0.096209,0.276018,0.001615,0.008899,0.014928,0.246078,0.050315
ZJ016945,0.108273,0.009674,0.868948,7.4e-05,0.000773,0.004641,0.00234,0.005278
ZJ016946,0.019444,0.00165,0.055666,0.0,1e-06,4e-06,0.923235,0.0
ZJ016947,0.036324,0.009844,0.94457,0.0,1.2e-05,0.003061,0.006143,4.6e-05
ZJ016948,0.270911,0.114565,0.281617,0.00066,0.004924,0.008384,0.271051,0.047888
ZJ016949,0.048409,2.9e-05,0.951303,2e-06,2.1e-05,9.1e-05,1.5e-05,0.00013
ZJ016950,0.300789,0.001464,0.026615,2e-06,0.025008,9.8e-05,0.64565,0.000374
ZJ016951,0.05012,9.8e-05,0.134996,0.552379,0.000284,0.001111,0.000116,0.260896
ZJ016952,0.100411,0.489719,0.119447,8e-06,0.000813,0.000194,0.176272,0.113135
ZJ016953,0.03205,0.000439,0.965898,0.0,1e-05,0.001279,0.000312,1.1e-05
ZJ016954,0.286745,0.069446,0.348439,0.007627,0.004459,0.006604,0.066491,0.210189
ZJ016955,0.996089,0.0,0.00216,0.0,0.001578,0.0,0.000172,1e-06
ZJ016956,0.162748,0.024772,0.114591,3.2e-05,0.001444,0.000531,0.685002,0.010878
ZJ016957,0.283594,0.051837,0.554286,0.000837,0.002036,0.004953,0.030247,0.07221
ZJ016958,0.0,0.0,0.0,0.0,0.0,1.0,0.0,0.0
ZJ016959,0.025781,0.000151,0.941724,0.00116,0.000806,0.02976,1.9e-05,0.0006
ZJ016960,0.727899,0.000867,0.248347,4.5e-05,0.003523,0.011807,0.00674,0.000773
ZJ016961,0.024925,0.002735,0.051293,0.0,9e-06,1.1e-05,0.920946,8.1e-05
ZJ016962,0.000161,0.0,0.016457,0.002738,0.0,0.0,0.0,0.980644
ZJ016963,0.267241,0.002555,0.171802,1.7e-05,0.000357,0.001268,0.555751,0.001011
ZJ016964,0.062542,0.002776,0.026839,0.0,0.000888,7.2e-05,0.906694,0.000189
ZJ016965,0.058308,0.01041,0.15651,0.017016,0.000299,0.000341,0.002748,0.754367
ZJ016966,0.016031,0.0,0.001763,0.978606,0.000278,0.003073,9.1e-05,0.000158
ZJ016967,0.925134,0.000191,0.020629,2e-06,0.006534,1.2e-05,0.046738,0.000759
ZJ016968,0.196514,0.022533,0.200228,4e-05,0.001138,0.001408,0.569667,0.008472
ZJ016969,0.998746,0.0,0.000726,0.0,0.000496,0.0,3.3e-05,0.0
ZJ016970,0.19615,0.024111,0.439241,5e-06,0.000299,0.00216,0.336108,0.001925
ZJ016971,0.275151,0.170893,0.198992,0.001104,0.011823,0.008648,0.255342,0.078046
ZJ016972,0.44663,0.002717,0.474271,0.013094,0.019126,0.008929,0.005216,0.030016
ZJ016973,0.069321,0.001894,0.023769,0.0,0.000141,4e-06,0.904395,0.000476
ZJ016974,0.324337,0.008629,0.629131,0.000405,0.003611,0.009096,0.017045,0.007746
ZJ016975,0.159386,0.087623,0.285753,2.7e-05,0.005229,0.021609,0.437198,0.003176
ZJ016976,0.006546,0.948148,0.021979,0.0,5e-06,0.0,0.015544,0.007777
ZJ016977,2.9e-05,0.0,0.004788,0.0,0.0,0.995178,4e-06,0.0
ZJ016978,0.509982,0.02916,0.222596,0.000326,0.007663,0.004885,0.209423,0.015965
ZJ016979,0.107468,0.27853,0.151498,0.000372,0.001545,0.00086,0.133216,0.326511
ZJ016980,0.013899,0.866864,0.023253,0.0,3.1e-05,2e-06,0.09127,0.004682
ZJ016981,0.00039,4e-06,0.010566,0.000154,0.0,0.0,0.0,0.988886
ZJ016982,0.209525,0.086511,0.226749,0.004646,0.017099,0.052844,0.371742,0.030883
ZJ016983,0.063329,0.000974,0.405174,0.106821,0.00066,0.002399,7.4e-05,0.42057
ZJ016984,0.967698,0.0,0.007771,0.004366,0.018356,0.001787,1.6e-05,5e-06
ZJ016985,0.038422,0.007334,0.251194,0.001316,0.007139,0.672918,0.02119,0.000486
ZJ016986,0.001058,0.0,0.001166,0.997179,2e-06,0.000468,4.3e-05,8.5e-05
ZJ016987,0.138649,0.089273,0.324437,0.003498,0.002921,0.004632,0.012503,0.424087
ZJ016988,0.01625,0.0,0.004383,0.958594,8.8e-05,0.020103,0.0005,8.2e-05
ZJ016989,0.0,0.0,2.2e-05,0.0,0.0,0.999978,0.0,0.0
ZJ016990,0.987185,4e-06,0.010214,0.0,0.001518,1e-06,0.000972,0.000106
ZJ016991,0.0,0.0,0.0,0.0,0.0,1.0,0.0,0.0
ZJ016992,0.0,0.0,0.0,0.0,0.0,0.0,1.0,0.0
ZJ016993,0.510152,0.005298,0.390782,6.9e-05,0.003528,0.004564,0.083449,0.002159
ZJ016994,0.067943,0.02162,0.331377,0.0,3.4e-05,0.000629,0.578096,0.000302
ZJ016995,0.28731,0.198968,0.185341,0.001141,0.007006,0.00227,0.13831,0.179654
ZJ016996,0.085377,0.076893,0.075204,0.018264,0.594503,0.035216,0.068423,0.046121
ZJ016997,0.295529,0.021698,0.627212,0.000358,0.003079,0.006695,0.030653,0.014777
ZJ016998,0.107186,0.539204,0.173622,1.8e-05,0.002411,0.002711,0.111172,0.063677
ZJ016999,0.0,0.0,0.0,0.0,0.0,1.0,0.0,0.0
ZJ017000,0.120486,0.033361,0.80795,2.1e-05,0.00034,0.008864,0.026061,0.002918
ZJ017001,0.42608,0.008189,0.385163,0.038224,0.021294,0.010477,0.012076,0.098497
ZJ017002,0.632737,0.0,0.00491,0.000243,0.361842,0.000254,6e-06,8e-06
ZJ017003,0.024395,3.9e-05,0.954247,0.00295,0.000174,0.016383,3e-06,0.00181
ZJ017004,0.930427,5.7e-05,0.017697,6e-06,0.048335,0.000116,0.003001,0.00036
ZJ017005,0.59385,0.030485,0.246643,0.000293,0.007694,0.00344,0.091511,0.026085
ZJ017006,0.955366,6e-05,0.027603,5.1e-05,0.012063,3.3e-05,0.00262,0.002205
ZJ017007,0.744817,0.003157,0.127496,0.003388,0.080182,0.00844,0.022176,0.010345
ZJ017008,0.765846,0.002033,0.188473,0.000112,0.011899,0.00363,0.026187,0.001819
ZJ017009,0.227092,0.003987,0.48641,0.000306,0.00625,0.216693,0.059085,0.000177
ZJ017010,0.019333,4e-06,0.029227,0.901197,4.5e-05,0.000137,4.6e-05,0.050011
ZJ017011,0.340056,0.052965,0.108341,7e-06,0.002806,0.000136,0.475111,0.020578
ZJ017012,0.485877,0.017906,0.396838,0.00194,0.01165,0.00636,0.047381,0.032048
ZJ017013,0.061905,0.00037,0.175915,0.428754,0.000719,0.002521,0.000206,0.32961
ZJ017014,0.423017,0.045542,0.341612,0.007174,0.01482,0.012311,0.06996,0.085565
ZJ017015,0.165279,0.293444,0.291738,1e-06,0.000277,0.000758,0.226209,0.022294
ZJ017016,0.389189,0.011713,0.54887,0.000772,0.002822,0.004378,0.008625,0.033631
ZJ017017,0.011697,0.0,0.003562,0.98216,6.8e-05,0.000869,0.00041,0.001233
ZJ017018,0.995096,0.0,0.002996,0.0,0.001723,0.0,0.000183,2e-06
ZJ017019,0.404999,0.028064,0.469302,0.002892,0.009527,0.025668,0.025488,0.034058
ZJ017020,0.993911,0.0,0.000319,0.0,0.005768,0.0,2e-06,0.0
ZJ017021,0.032877,6.3e-05,0.025852,0.0,2e-06,3e-06,0.941185,1.7e-05
ZJ017022,0.184363,0.250099,0.225957,0.000804,0.005168,0.002347,0.052751,0.278511
ZJ017023,0.019807,0.004238,0.969054,0.0,2e-06,0.001329,0.005566,5e-06
ZJ017024,0.005965,0.000634,0.020229,0.0,0.0,1e-06,0.97315,2.1e-05
ZJ017025,0.352076,0.008219,0.602372,0.000785,0.002829,0.006999,0.005519,0.021202
ZJ017026,0.328355,0.00874,0.192792,1.1e-05,0.000886,0.001324,0.466027,0.001864
ZJ017027,0.204971,0.001102,0.184181,0.503059,0.008743,0.009436,0.003,0.085507
ZJ017028,0.021665,0.626701,0.231298,0.0,4e-06,2.4e-05,0.120201,0.000107
ZJ017029,0.222268,0.005117,0.684622,0.004308,0.00318,0.0039,0.001153,0.075452
ZJ017030,0.300951,0.010303,0.647848,0.000397,0.005293,0.021121,0.00849,0.005597
ZJ017031,0.289668,0.046553,0.598349,0.000437,0.003768,0.009254,0.014873,0.037097
ZJ017032,0.00014,0.0,0.001089,0.998685,0.0,2.2e-05,1e-06,6.3e-05
ZJ017033,0.111419,0.008076,0.089506,0.000912,0.000718,0.00054,0.755891,0.032937
ZJ017034,0.183816,0.00715,0.458534,0.038905,0.211999,0.047664,0.001202,0.05073
