,antelope_duiker,bird,blank,civet_genet,hog,leopard,monkey_prosimian,rodent
ZJ016488,0.011329,7.2e-05,0.172004,0.001626,0.004915,0.807468,0.002076,0.000511
ZJ016489,0.518287,0.085254,0.080863,0.000465,0.105432,0.002031,0.131379,0.07629
ZJ016490,0.645906,6e-06,0.084953,0.228581,0.00736,0.000206,0.000148,0.032839
ZJ016491,0.0,0.0,0.0,0.0,0.0,1.0,0.0,0.0
ZJ016492,0.693134,0.015885,0.110086,0.000171,0.021743,0.000248,0.062486,0.096247
ZJ016493,0.34387,0.056938,0.205968,0.000264,0.022334,0.012981,0.326534,0.031111
ZJ016494,0.315374,0.013524,0.537337,4.2e-05,0.002379,0.012115,0.109545,0.009685
ZJ016495,0.057428,1e-06,0.005975,0.0,3e-06,0.0,0.936528,6.3e-05
ZJ016496,0.69715,0.01275,0.133632,0.000267,0.022051,0.000576,0.059161,0.074412
ZJ016497,0.142875,0.011279,0.169448,1e-06,0.000541,0.000917,0.66846,0.006479
ZJ016498,0.887232,0.002379,0.051177,3e-06,0.014638,4e-05,0.032904,0.011627
ZJ016499,0.925813,0.000177,0.052414,0.0,0.001036,8e-06,0.019877,0.000675
ZJ016500,0.517383,0.031465,0.169819,0.001736,0.023397,0.001103,0.054686,0.200411
ZJ016501,0.119179,0.001047,0.264686,0.343035,0.040881,0.098085,0.005209,0.127878
ZJ016502,0.064533,7.5e-05,0.137534,0.564878,0.003782,0.001959,8.2e-05,0.227157
ZJ016503,0.000756,0.992706,0.001755,0.0,2e-06,0.0,0.004746,3.5e-05
ZJ016504,0.760939,0.006353,0.128093,9.8e-05,0.013556,0.000296,0.044007,0.046659
ZJ016505,0.606461,0.004905,0.326009,1.3e-05,0.002659,0.00142,0.050537,0.007995
ZJ016506,0.096207,0.247611,0.475381,1e-06,0.000927,0.005122,0.169731,0.005021
ZJ016507,0.934072,0.000872,0.027847,0.0,0.010164,8e-06,0.023302,0.003735
ZJ016508,0.07256,0.005753,0.142411,0.071145,0.002287,0.000417,0.00269,0.702738
ZJ016509,0.000313,0.99639,0.000915,0.0,1e-06,0.0,0.002352,2.9e-05
ZJ016510,0.14239,0.003646,0.182724,0.333224,0.023094,0.013065,0.004699,0.29716
ZJ016511,0.436449,0.005573,0.385055,0.001991,0.012242,0.002488,0.015435,0.140767
ZJ016512,0.089223,0.005036,0.810942,1e-06,0.000687,0.026916,0.066572,0.000622
ZJ016513,0.177933,0.494408,0.097948,4e-05,0.052249,0.002067,0.123145,0.05221
ZJ016514,0.890229,0.0,0.040272,0.058228,0.003871,2.1e-05,4.3e-05,0.007336
ZJ016515,0.111156,0.043903,0.33862,0.002723,0.040481,0.378622,0.070016,0.014479
ZJ016516,0.065108,0.01602,0.198338,0.035555,0.004825,0.001009,0.005587,0.67356
ZJ016517,0.106094,0.545212,0.120163,0.000247,0.011324,0.002636,0.110794,0.103529
ZJ016518,0.999991,0.0,1e-06,0.0,7e-06,0.0,1e-06,0.0
ZJ016519,0.88937,0.002208,0.055947,2e-06,0.011438,3.8e-05,0.03124,0.009757
ZJ016520,0.986469,0.0,0.008221,0.000297,0.003752,1e-06,9.7e-05,0.001163
ZJ016521,0.199591,0.013297,0.560423,6e-06,0.00103,0.013619,0.20869,0.003344
ZJ016522,0.999769,0.0,7.1e-05,0.0,0.000131,0.0,2.7e-05,2e-06
ZJ016523,0.036816,0.866942,0.021651,0.0,0.000714,1e-05,0.068327,0.005539
ZJ016524,0.092929,0.005634,0.573823,0.007725,0.007541,0.00323,0.003582,0.305536
ZJ016525,0.58026,0.001236,0.034241,0.00645,0.323954,0.000579,0.007525,0.045756
ZJ016526,0.850692,0.006972,0.050327,7e-06,0.021005,2.5e-05,0.036002,0.034971
ZJ016527,0.000192,0.0,0.005363,0.993584,0.0,0.0,0.0,0.00086
ZJ016528,0.077758,0.129642,0.120805,0.0,7.3e-05,2.1e-05,0.6559,0.0158
ZJ016529,0.0265,4.2e-05,0.026513,0.0,1e-06,2e-06,0.946729,0.000213
ZJ016530,0.001471,0.977694,0.015754,0.0,4.1e-05,3e-05,0.004958,5.3e-05
ZJ016531,0.026762,0.000134,0.248224,0.005774,0.003573,0.712415,0.002163,0.000954
ZJ016532,0.0,0.0,0.0,0.0,0.0,1.0,0.0,0.0
ZJ016533,0.582058,0.047369,0.159802,0.000196,0.031669,0.002522,0.125211,0.051173
ZJ016534,0.081053,0.000295,0.149061,0.512624,0.006639,0.004,0.000316,0.246013
ZJ016535,0.059795,0.0,0.001502,0.0,0.0,0.0,0.938695,7e-06
ZJ016536,0.248121,0.099629,0.356309,0.002993,0.023572,0.042794,0.15227,0.074312
ZJ016537,0.287116,0.051766,0.32802,0.000699,0.009453,0.018967,0.261481,0.042498
ZJ016538,0.25802,0.207493,0.159845,0.002323,0.087708,0.067239,0.160497,0.056876
ZJ016539,0.02453,0.000671,0.039009,0.002952,0.902729,0.017616,0.000659,0.011836
ZJ016540,0.092896,0.595706,0.100906,4.5e-05,0.006209,0.000985,0.122476,0.080778
ZJ016541,0.149359,0.034989,0.607816,1e-06,0.000935,0.008043,0.195229,0.003627
ZJ016542,0.153241,0.000758,0.295126,0.270657,0.017504,0.202891,0.012263,0.047559
ZJ016543,0.757973,0.00036,0.108138,0.027785,0.02481,0.000523,0.002693,0.077719
ZJ016544,0.981523,8.7e-05,0.005299,0.0,0.004429,0.0,0.00775,0.000913
ZJ016545,0.869505,0.002936,0.060082,5e-06,0.015089,6.8e-05,0.040254,0.012061
ZJ016546,0.032105,2e-06,0.120477,0.764199,0.017515,0.015734,7.1e-05,0.049899
ZJ016547,0.110406,0.001462,0.82863,0.001322,0.004808,0.016533,0.00399,0.032849
ZJ016548,0.619247,0.015637,0.158819,0.002081,0.031138,0.001673,0.052659,0.118745
ZJ016549,0.132679,0.047692,0.717599,4e-06,0.001242,0.010816,0.08481,0.005159
ZJ016550,0.96121,0.00053,0.012197,0.0,0.007533,1e-06,0.015923,0.002606
ZJ016551,0.007611,0.959846,0.009152,0.0,8.2e-05,1e-06,0.022221,0.001086
ZJ016552,0.161774,0.000981,0.443993,0.0,0.000158,0.008511,0.384376,0.000206
ZJ016553,0.215541,0.00441,0.730592,2e-06,0.000455,0.00688,0.04045,0.00167
ZJ016554,0.661616,0.003252,0.237332,1e-06,0.001753,0.000663,0.093418,0.001965
ZJ016555,0.160773,0.101746,0.164452,0.014724,0.010146,0.002371,0.049155,0.496633
ZJ016556,0.546239,0.016306,0.133147,0.0,0.0035,0.000385,0.298204,0.002219
ZJ016557,0.40116,0.067794,0.254118,0.002786,0.030363,0.012981,0.128272,0.102527
ZJ016558,0.0,0.0,0.0,0.0,0.0,1.0,0.0,0.0
ZJ016559,0.475879,0.049799,0.179459,0.002781,0.038228,0.004377,0.095647,0.153831
ZJ016560,0.206356,0.121805,0.404935,9e-06,0.003123,0.007774,0.241656,0.014341
ZJ016561,0.999984,0.0,3e-06,0.0,5e-06,0.0,8e-06,0.0
ZJ016562,0.189302,0.12242,0.401596,4e-05,0.003817,0.010357,0.248787,0.02368
ZJ016563,0.285497,0.002731,0.042239,2e-06,0.002228,3.3e-05,0.640962,0.026307
ZJ016564,0.000211,0.997505,0.000527,0.0,0.0,0.0,0.001748,1e-05
ZJ016565,0.0,0.0,0.0,0.0,0.0,1.0,0.0,0.0
ZJ016566,0.056498,0.000848,0.898447,0.0,4.4e-05,0.009908,0.034227,2.8e-05
ZJ016567,0.030581,0.000624,0.122972,0.029079,0.000526,3.8e-05,0.000297,0.815882
ZJ016568,0.0,0.0,5e-06,0.0,0.0,0.999995,0.0,0.0
ZJ016569,0.190935,0.003545,0.77825,4e-06,0.000425,0.004207,0.019433,0.003202
ZJ016570,0.241497,0.442378,0.067148,5e-06,0.081107,0.000235,0.098446,0.069184
ZJ016571,0.44508,0.00485,0.461185,7e-06,0.003195,0.008412,0.074671,0.002598
ZJ016572,0.000377,0.993962,0.000261,0.0,0.0,0.0,0.005395,6e-06
ZJ016573,0.097755,0.043924,0.198159,0.043969,0.006739,0.002314,0.016593,0.590547
ZJ016574,0.124131,0.003393,0.283432,0.207448,0.018774,0.012119,0.003024,0.34768
ZJ016575,0.012105,0.0,0.057639,0.917013,0.000248,0.002005,1e-06,0.010988
ZJ016576,0.369319,0.166674,0.132403,0.000416,0.035119,0.002363,0.172198,0.121508
ZJ016577,0.171828,0.079057,0.184212,0.001311,0.444097,0.037983,0.030847,0.050665
ZJ016578,0.472107,0.013686,0.312679,4.8e-05,0.005088,0.004678,0.179242,0.012472
ZJ016579,0.065788,0.739273,0.039943,0.0,0.001279,3e-05,0.132943,0.020743
ZJ016580,0.159137,0.046383,0.161769,9e-06,0.001629,0.001031,0.58849,0.041552
ZJ016581,0.174022,0.290006,0.259273,5e-05,0.005041,0.003984,0.212135,0.055488
ZJ016582,0.0,0.0,0.0,0.0,0.0,1.0,0.0,0.0
ZJ016583,0.44222,0.029442,0.172039,7e-06,0.00696,0.001738,0.335946,0.011649
ZJ016584,0.039493,9.1e-05,0.256586,0.030118,0.00763,0.658854,0.003732,0.003495
ZJ016585,0.0,0.0,0.0,0.0,0.0,1.0,0.0,0.0
ZJ016586,0.028653,0.000629,0.040715,0.007478,0.883682,0.023306,0.000817,0.01472
ZJ016587,0.001711,2.9e-05,0.996701,0.0,0.000116,0.001338,5.1e-05,5.4e-05
ZJ016588,0.89229,2.5e-05,0.029315,0.016118,0.032562,2.7e-05,0.000367,0.029296
ZJ016589,0.298751,0.012246,0.193142,0.004089,0.043348,0.199991,0.236431,0.012
ZJ016590,0.45894,0.051917,0.240807,0.002047,0.033605,0.010552,0.115001,0.08713
ZJ016591,0.512271,2e-06,0.002599,0.0,0.000132,0.0,0.484977,1.9e-05
ZJ016592,0.612074,0.046023,0.106936,0.000109,0.031796,0.000518,0.122072,0.080471
ZJ016593,0.251595,0.042079,0.586324,5.4e-05,0.00383,0.014981,0.085568,0.01557
ZJ016594,0.735026,0.018163,0.084491,3.9e-05,0.03441,0.000434,0.097316,0.030121
ZJ016595,0.014342,1e-06,0.008792,0.0,0.0,0.0,0.976836,2.8e-05
ZJ016596,0.612113,0.014221,0.0856,3.4e-05,0.018158,0.000292,0.226637,0.042946
ZJ016597,0.291545,0.050936,0.471746,0.000814,0.012157,0.025121,0.106317,0.041364
ZJ016598,0.0,0.0,0.0,0.0,0.0,1.0,0.0,0.0
ZJ016599,0.043795,0.564711,0.055866,7e-05,0.002854,6.7e-05,0.055035,0.277602
ZJ016600,0.61661,0.075429,0.076757,1.6e-05,0.039336,0.000267,0.139828,0.051756
ZJ016601,0.78432,0.007062,0.117485,3.2e-05,0.014823,0.000321,0.049701,0.026257
ZJ016602,0.98409,4.2e-05,0.007585,0.0,0.001853,0.0,0.005601,0.000828
ZJ016603,0.127355,0.007901,0.067884,8e-06,0.000699,9e-05,0.724175,0.071889
ZJ016604,0.014654,0.0,0.054968,0.863662,0.000139,1.9e-05,0.0,0.066557
ZJ016605,0.052446,0.153951,0.051363,2.2e-05,0.000436,1.9e-05,0.249434,0.49233
ZJ016606,0.532031,0.045981,0.175865,0.000958,0.033041,0.003075,0.102757,0.106291
ZJ016607,0.022328,2.2e-05,0.187784,0.01744,0.004756,0.76438,0.001929,0.001361
ZJ016608,0.097455,2.8e-05,0.350403,0.325997,0.004615,0.205489,0.001575,0.014439
ZJ016609,0.303493,0.045625,0.436412,1e-06,0.001638,0.004709,0.204763,0.003359
ZJ016610,0.704892,0.013842,0.159208,6e-05,0.018527,0.001284,0.078295,0.023892
ZJ016611,0.044223,0.666839,0.186323,6.3e-05,0.001967,0.003197,0.065825,0.031563
ZJ016612,0.052552,5e-06,0.244561,0.62136,0.002001,0.062535,0.000106,0.016879
ZJ016613,0.0,0.0,0.0,0.0,0.0,1.0,0.0,0.0
ZJ016614,0.988104,0.0,0.00079,0.0,0.010813,0.0,6.5e-05,0.000227
ZJ016615,0.394565,0.038376,0.418605,0.000381,0.008866,0.008658,0.081329,0.049219
ZJ016616,0.726366,0.010005,0.117638,0.000175,0.023726,0.000645,0.073081,0.048364
ZJ016617,0.143046,0.231967,0.132419,8e-06,0.002219,0.000515,0.397444,0.092381
ZJ016618,0.767664,0.010743,0.094043,4.8e-05,0.021126,0.000215,0.062328,0.043831
ZJ016619,0.109112,2.6e-05,0.102125,0.649724,0.003588,0.000504,5.7e-05,0.134864
ZJ016620,0.020943,0.0,0.046709,0.914794,0.000142,9.1e-05,0.0,0.017321
ZJ016621,0.785654,5.7e-05,0.065235,0.086001,0.029714,0.000376,0.00138,0.031583
ZJ016622,0.939975,0.000666,0.028397,0.0,0.008451,6e-06,0.018262,0.004242
ZJ016623,0.100518,0.010688,0.339418,0.017875,0.033145,0.426341,0.051477,0.020538
ZJ016624,0.170248,0.046715,0.30739,0.007762,0.057792,0.264312,0.111904,0.033876
ZJ016625,0.999198,0.0,0.000248,0.0,0.00026,0.0,0.000278,1.5e-05
ZJ016626,0.047669,0.0,0.052844,0.881462,0.000399,0.000209,2e-06,0.017415
ZJ016627,1e-06,0.0,0.0,0.0,0.0,0.0,0.999999,0.0
ZJ016628,0.999922,0.0,3e-06,0.0,7.3e-05,0.0,1e-06,0.0
ZJ016629,0.05124,0.0,0.058989,0.86932,0.000411,0.00032,3e-06,0.019717
ZJ016630,0.096349,2.5e-05,0.005824,0.0,2.9e-05,0.0,0.894719,0.003055
ZJ016631,0.066848,3.8e-05,0.122973,0.603388,0.003373,0.001026,5.5e-05,0.2023
ZJ016632,0.015103,0.0,0.023254,0.957397,4.3e-05,2e-05,0.0,0.004183
ZJ016633,0.065682,0.002581,0.261108,0.0,6.2e-05,0.00143,0.667394,0.001743
ZJ016634,0.774781,0.004987,0.149219,1.5e-05,0.008037,0.000429,0.048859,0.013673
ZJ016635,0.212644,0.200202,0.275568,0.001937,0.014285,0.009918,0.129051,0.156396
ZJ016636,0.132852,0.046181,0.141989,0.021127,0.006034,0.001003,0.023402,0.627412
ZJ016637,0.554001,0.007074,0.219772,1e-06,0.003508,0.001573,0.21192,0.00215
ZJ016638,0.609939,0.034173,0.123913,0.000243,0.025398,0.00037,0.064435,0.14153
ZJ016639,0.030266,0.0,0.063589,0.864538,0.000345,0.000129,1e-06,0.041133
ZJ016640,0.229206,0.098403,0.454554,0.000585,0.008825,0.015906,0.129202,0.06332
ZJ016641,0.08433,2e-06,0.073312,0.797167,0.000782,0.000267,1e-05,0.044131
ZJ016642,0.997284,0.0,0.001203,0.0,0.00127,0.0,0.000131,0.000112
ZJ016643,0.346798,0.210464,0.117744,0.000185,0.032556,0.001396,0.176789,0.114068
ZJ016644,0.073242,0.029545,0.190171,0.031276,0.0045,0.001139,0.010263,0.659864
ZJ016645,0.996241,1e-06,0.00011,0.0,0.002987,0.0,0.000649,1.1e-05
ZJ016646,0.00947,7e-06,0.002409,0.0,0.0,0.0,0.987587,0.000528
ZJ016647,0.040031,4.5e-05,0.116914,0.420314,0.001837,0.000288,2.8e-05,0.420543
ZJ016648,0.110498,0.005753,0.282043,1e-06,0.000324,0.00426,0.593992,0.003129
ZJ016649,0.04886,6e-05,0.782616,0.041017,0.005648,0.105988,0.000278,0.015533
ZJ016650,0.172382,0.02408,0.400068,0.018244,0.018531,0.009436,0.01663,0.340628
ZJ016651,0.286747,0.239644,0.137332,7.5e-05,0.014953,0.001364,0.223897,0.095988
ZJ016652,0.061963,0.020797,0.472005,0.000512,0.025725,0.381131,0.032428,0.005439
ZJ016653,8.2e-05,0.0,1e-06,0.0,0.999917,0.0,0.0,0.0
ZJ016654,0.741152,0.004009,0.165966,1.1e-05,0.005889,0.000609,0.073592,0.008773
ZJ016655,0.201122,0.301428,0.189537,7.4e-05,0.008143,0.00345,0.222934,0.073312
ZJ016656,0.026513,0.87468,0.025669,0.0,0.000799,1.9e-05,0.055116,0.017204
ZJ016657,1.3e-05,0.999686,5.6e-05,0.0,0.0,0.0,0.000245,0.0
ZJ016658,0.04824,0.00676,0.117116,0.021271,0.001028,0.000145,0.004907,0.800533
ZJ016659,0.137999,0.089938,0.332998,0.009083,0.048107,0.257432,0.086153,0.03829
ZJ016660,0.381016,0.001522,0.154251,0.0,0.001145,0.00114,0.460396,0.000529
ZJ016661,0.230913,0.041917,0.350983,0.034796,0.048775,0.064266,0.063038,0.165313
ZJ016662,0.0,0.0,1e-06,0.0,0.0,0.999999,0.0,0.0
ZJ016663,0.0,0.0,3e-06,0.0,0.0,0.999997,0.0,0.0
ZJ016664,0.079918,0.006331,0.183158,0.085734,0.006753,0.001421,0.003132,0.633553
ZJ016665,0.345472,0.004464,0.603234,1.3e-05,0.000754,0.00291,0.035848,0.007305
ZJ016666,0.712034,0.025027,0.079597,3.7e-05,0.038821,0.000393,0.109233,0.034859
ZJ016667,0.935503,0.000478,0.032362,1e-06,0.005401,4e-06,0.01903,0.00722
ZJ016668,0.158516,0.017673,0.099921,0.004946,0.618743,0.016055,0.018017,0.066128
ZJ016669,0.272382,0.042072,0.352318,0.000193,0.006644,0.020116,0.28377,0.022506
ZJ016670,0.044901,9e-06,0.121429,0.669749,0.001968,0.001151,1.9e-05,0.160773
ZJ016671,0.063428,0.002488,0.48187,0.013357,0.004845,0.001327,0.001176,0.43151
ZJ016672,0.296334,0.019707,0.07815,0.003631,0.491588,0.007987,0.037159,0.065446
ZJ016673,0.11747,0.00632,0.562528,0.0,0.000139,0.004939,0.308341,0.000262
ZJ016674,0.004747,0.0,0.001949,0.0,0.0,0.0,0.993275,2.9e-05
ZJ016675,0.005396,0.0,0.001462,0.0,0.0,0.0,0.993139,2e-06
ZJ016676,0.190289,0.022907,0.653554,1.3e-05,0.001613,0.013907,0.111521,0.006195
ZJ016677,0.478896,1.5e-05,0.057158,0.416071,0.017323,0.000417,0.000306,0.029813
ZJ016678,0.0049,1e-06,0.005935,0.0,0.0,0.0,0.989154,9e-06
ZJ016679,0.424846,0.140917,0.148552,0.000309,0.043177,0.004953,0.173455,0.063791
ZJ016680,0.936186,0.000469,0.032682,1e-06,0.005049,4e-06,0.019204,0.006405
ZJ016681,0.460366,0.0007,0.047004,1e-06,0.004994,0.000216,0.484214,0.002506
ZJ016682,0.015154,3e-06,0.017143,0.0,0.0,1e-06,0.967661,3.8e-05
ZJ016683,0.326238,0.015044,0.449286,0.002155,0.015088,0.005239,0.024551,0.162399
ZJ016684,0.989638,4e-06,0.001665,0.0,0.007944,0.0,0.000495,0.000253
ZJ016685,0.114275,0.012871,0.807766,2e-06,0.000765,0.011732,0.050442,0.002147
ZJ016686,0.225994,0.102934,0.42458,0.000647,0.009409,0.019433,0.159386,0.057618
ZJ016687,0.187557,0.024927,0.692099,3.2e-05,0.001866,0.012459,0.070486,0.010573
ZJ016688,0.461203,0.140357,0.145811,2.7e-05,0.027235,0.00258,0.195905,0.026881
ZJ016689,0.535688,0.035785,0.168208,0.001421,0.030395,0.001898,0.075857,0.150748
ZJ016690,0.001387,2e-06,0.061483,4e-06,0.000143,0.936693,0.000286,2e-06
ZJ016691,0.723285,0.0,0.000513,0.0,4.6e-05,0.0,0.276156,1e-06
ZJ016692,0.001989,8.8e-05,0.990433,0.0,0.000216,0.007116,0.000137,2.1e-05
ZJ016693,0.0,0.0,0.0,0.0,0.0,1.0,0.0,0.0
ZJ016694,0.963558,0.000207,0.018593,0.0,0.003751,1e-06,0.010747,0.003142
ZJ016695,0.002473,0.0,0.000226,0.0,0.0,0.0,0.997243,5.8e-05
ZJ016696,0.066693,0.011156,0.288879,0.0,5.6e-05,0.001017,0.631174,0.001023
ZJ016697,0.526873,0.119431,0.069294,0.0,0.022351,0.000181,0.252329,0.009541
ZJ016698,4e-05,0.0,6e-06,0.0,0.999954,0.0,0.0,0.0
ZJ016699,0.892468,0.003173,0.03872,2e-06,0.01911,2e-05,0.032047,0.01446
ZJ016700,0.0,0.0,0.0,0.0,0.0,1.0,0.0,0.0
ZJ016701,0.145824,0.449205,0.158683,1e-04,0.008592,0.002484,0.148506,0.086607
ZJ016702,0.049625,0.0,0.01648,0.0,0.0,1e-06,0.933891,3e-06
ZJ016703,2.4e-05,0.999513,0.000196,0.0,0.0,0.0,0.000267,0.0
ZJ016704,0.0,0.0,1.7e-05,0.0,0.0,0.999983,0.0,0.0
ZJ016705,0.566737,0.021683,0.122059,0.000716,0.019405,0.000333,0.085596,0.183469
ZJ016706,0.8307,0.003849,0.082535,1e-05,0.013685,0.000158,0.055141,0.013922
ZJ016707,0.001913,0.000186,0.002423,0.0,0.0,0.0,0.995454,2.4e-05
ZJ016708,0.338859,0.039677,0.147571,0.007771,0.018311,0.000782,0.029199,0.417831
ZJ016709,0.63519,0.017215,0.162973,0.000537,0.019132,0.000807,0.060064,0.104082
ZJ016710,0.208818,0.12304,0.188279,0.010798,0.017114,0.004953,0.078933,0.368064
ZJ016711,0.038669,0.402177,0.472897,2e-06,0.001192,0.022328,0.060856,0.001879
ZJ016712,0.317732,0.163292,0.228912,0.000664,0.014396,0.004543,0.150485,0.119975
ZJ016713,0.17585,0.035105,0.396293,8.1e-05,0.002449,0.011283,0.354692,0.024246
ZJ016714,0.009817,0.0,0.061115,0.906732,9.5e-05,0.020968,1e-06,0.001272
ZJ016715,0.101838,0.012781,0.313248,0.017083,0.05239,0.432545,0.044941,0.025175
ZJ016716,0.068544,0.000492,0.913519,0.0,4.2e-05,0.007581,0.009774,4.8e-05
ZJ016717,0.451647,0.024396,0.303836,0.00043,0.009694,0.00691,0.163285,0.039802
ZJ016718,2e-06,0.0,0.001081,0.0,0.0,0.998916,0.0,0.0
ZJ016719,0.292926,0.099451,0.190943,0.007188,0.024026,0.005675,0.106039,0.27375
ZJ016720,0.788478,0.007311,0.089228,4.2e-05,0.017355,0.000135,0.053433,0.044016
ZJ016721,0.0,0.0,3.2e-05,0.0,0.0,0.999968,0.0,0.0
ZJ016722,0.069498,0.000546,0.088572,0.001399,0.010147,0.786293,0.042681,0.000863
ZJ016723,0.00939,0.0,0.031952,0.94801,4.2e-05,2.2e-05,0.0,0.010582
ZJ016724,0.107507,0.133731,0.635963,1e-06,0.000992,0.006887,0.110683,0.004235
ZJ016725,0.0,0.0,8e-06,0.0,0.0,0.999992,0.0,0.0
ZJ016726,0.341072,0.126896,0.235448,0.000582,0.018397,0.006931,0.184275,0.086399
ZJ016727,0.001745,1.7e-05,0.035793,1e-06,0.000314,0.961622,0.000506,1e-06
ZJ016728,0.149276,0.000344,0.143259,0.442802,0.012839,0.001731,0.00061,0.249139
ZJ016729,0.140669,0.004641,0.358497,1e-06,0.000613,0.020415,0.474098,0.001068
ZJ016730,0.017637,0.000264,0.2541,0.00064,0.003716,0.715859,0.007306,0.000478
ZJ016731,0.954997,4.8e-05,0.005131,1e-06,0.036585,1e-06,0.001623,0.001614
ZJ016732,0.232797,0.034547,0.419862,0.0,0.000989,0.005439,0.304307,0.002058
ZJ016733,0.333211,0.039682,0.218747,0.000206,0.017837,0.015544,0.352814,0.021959
ZJ016734,0.95604,0.000201,0.02337,0.0,0.003679,1e-06,0.01255,0.00416
ZJ016735,0.770181,2e-06,0.00251,0.0,0.000279,0.0,0.227013,1.5e-05
ZJ016736,0.017638,0.916643,0.01982,0.0,0.000385,9e-06,0.04044,0.005065
ZJ016737,0.074703,0.09814,0.088561,0.001254,0.00096,5.9e-05,0.036072,0.700252
ZJ016738,0.038669,0.402177,0.472897,2e-06,0.001192,0.022328,0.060856,0.001879
ZJ016739,0.068244,2.4e-05,0.017381,0.0,8e-06,1e-06,0.914059,0.000284
ZJ016740,0.075506,2e-06,0.077152,0.804017,0.000863,0.000435,1.2e-05,0.042013
ZJ016741,0.725788,0.019666,0.097222,6.6e-05,0.027422,0.000279,0.069697,0.059859
ZJ016742,0.910132,0.002061,0.037628,1e-06,0.011774,9e-06,0.023856,0.01454
ZJ016743,0.71696,0.0032,0.209114,7.3e-05,0.005039,0.000686,0.043525,0.021401
ZJ016744,0.691984,0.004806,0.132442,0.004661,0.033808,0.001071,0.021783,0.109445
ZJ016745,0.190218,0.216009,0.237315,0.001369,0.010868,0.00693,0.170622,0.166669
ZJ016746,0.771375,0.015131,0.049695,2.6e-05,0.075337,0.000399,0.072631,0.015406
ZJ016747,0.952021,3e-06,0.002088,0.0,0.000303,0.0,0.04557,1.5e-05
ZJ016748,0.149345,0.438571,0.183805,2.7e-05,0.006658,0.003101,0.172243,0.04625
ZJ016749,0.055053,0.00222,0.190771,0.0,3.4e-05,0.000542,0.750247,0.001132
ZJ016750,0.222586,0.240408,0.196294,0.0007,0.017849,0.008737,0.20818,0.105246
ZJ016751,8e-06,0.999689,2.3e-05,0.0,0.0,0.0,0.00028,0.0
ZJ016752,0.004388,0.976961,0.007448,0.0,0.000151,1e-06,0.00972,0.001331
ZJ016753,0.193721,0.148361,0.107875,0.000109,0.007742,0.000747,0.359528,0.181918
ZJ016754,0.791595,0.004942,0.112426,7.7e-05,0.017745,0.00032,0.038574,0.034322
ZJ016755,0.514078,0.000108,0.019503,0.0,0.000394,1e-06,0.465516,0.000399
ZJ016756,0.420168,0.039593,0.369956,5.3e-05,0.006477,0.007021,0.13808,0.018651
ZJ016757,0.009817,0.953187,0.010222,0.0,0.000267,1e-06,0.021555,0.00495
ZJ016758,0.514263,4e-06,0.005883,0.0,0.00018,0.0,0.479646,2.4e-05
ZJ016759,0.990958,2e-06,0.003568,0.0,0.004562,0.0,0.000351,0.000559
ZJ016760,0.028084,0.019256,0.02686,0.0,3e-06,0.0,0.908602,0.017195
ZJ016761,0.878217,0.002764,0.055188,5e-06,0.015489,5e-05,0.034931,0.013357
ZJ016762,0.178537,0.00638,0.213296,0.282596,0.020472,0.018896,0.009024,0.2708
ZJ016763,0.003682,9.7e-05,0.074686,7e-06,0.00095,0.91937,0.001195,1.3e-05
ZJ016764,0.778889,0.006307,0.112438,4.1e-05,0.016915,0.000389,0.059215,0.025806
ZJ016765,0.691293,0.011717,0.134355,0.000248,0.02176,0.000893,0.088116,0.051619
ZJ016766,0.363332,0.019711,0.516981,1e-04,0.003074,0.005708,0.066672,0.024421
ZJ016767,0.680409,0.019235,0.119605,0.000258,0.031272,0.000652,0.069905,0.078664
ZJ016768,0.191045,0.023153,0.27781,0.095155,0.020007,0.017402,0.022429,0.352999
ZJ016769,0.243858,0.044698,0.52694,0.002163,0.014186,0.031677,0.067472,0.069005
ZJ016770,0.880924,0.003421,0.044679,2e-06,0.014895,2.4e-05,0.041635,0.01442
ZJ016771,0.12704,0.012298,0.172551,0.208694,0.016078,0.007511,0.008809,0.44702
ZJ016772,0.0,0.0,0.0,0.0,0.0,1.0,0.0,0.0
ZJ016773,0.924262,0.000433,0.047144,0.0,0.00373,1.6e-05,0.022599,0.001816
ZJ016774,0.141272,0.01689,0.70299,0.000231,0.007358,0.0849,0.037474,0.008885
ZJ016775,0.118978,0.010486,0.301355,1e-06,0.000376,0.004359,0.561404,0.003041
ZJ016776,0.017806,0.0,0.07408,0.767993,0.000238,3.6e-05,0.0,0.139847
ZJ016777,0.0,0.0,0.0,0.0,0.0,0.0,1.0,0.0
ZJ016778,0.052859,0.000141,0.138305,0.360245,0.003516,0.00066,0.000105,0.444169
ZJ016779,0.570294,0.019336,0.270508,0.000224,0.012452,0.002661,0.075535,0.04899
ZJ016780,0.036758,0.0,0.003935,0.0,0.0,0.0,0.959298,9e-06
ZJ016781,0.239812,0.137883,0.252227,0.002837,0.016766,0.012601,0.18707,0.150804
ZJ016782,0.568929,0.013331,0.05553,0.000764,0.276204,0.001727,0.039146,0.044368
ZJ016783,0.155931,0.215437,0.154945,1e-04,0.003872,0.001233,0.310275,0.158206
ZJ016784,0.300684,0.101137,0.144116,0.002294,0.017795,0.001036,0.078964,0.353973
ZJ016785,0.050765,7.5e-05,0.06284,0.0,7e-06,2.8e-05,0.886158,0.000127
ZJ016786,0.076701,0.000242,0.147186,0.517113,0.007199,0.003873,0.000303,0.247384
ZJ016787,0.102754,0.048957,0.108238,2.4e-05,0.0007,0.00019,0.556755,0.182382
ZJ016788,0.156833,0.213657,0.153905,0.003562,0.011255,0.002713,0.117026,0.341048
ZJ016789,0.142297,0.452817,0.182848,7.3e-05,0.007277,0.002808,0.141497,0.070383
ZJ016790,0.116596,0.049668,0.153417,0.045462,0.00779,0.002745,0.035348,0.588975
ZJ016791,0.944859,9.1e-05,0.038237,0.0,0.000462,2e-06,0.016118,0.000231
ZJ016792,0.200919,0.044779,0.615744,3e-06,0.001463,0.010233,0.122177,0.004682
ZJ016793,0.67692,0.008546,0.17065,0.000341,0.013898,0.001025,0.074017,0.054603
ZJ016794,0.658269,0.008479,0.169091,0.00473,0.048079,0.005274,0.042518,0.06356
ZJ016795,0.136157,0.042924,0.159243,0.056359,0.009933,0.00274,0.020641,0.572002
ZJ016796,0.183067,0.000272,0.036627,0.0,0.000294,2.2e-05,0.777816,0.001903
ZJ016797,0.929059,3.8e-05,0.00624,0.0,0.002003,0.0,0.062496,0.000164
ZJ016798,0.074653,0.713777,0.077855,7e-06,0.006694,0.001103,0.096819,0.029092
ZJ016799,0.247196,0.268985,0.097037,3e-05,0.017912,0.000937,0.287815,0.080088
ZJ016800,0.199302,0.290293,0.176944,0.000473,0.013167,0.004251,0.17688,0.138688
ZJ016801,0.785244,0.010235,0.08352,4.9e-05,0.030496,0.000275,0.055614,0.034566
ZJ016802,0.0,0.0,4e-06,0.0,0.0,0.999996,0.0,0.0
ZJ016803,0.359314,0.093282,0.195756,0.005823,0.045353,0.012975,0.133614,0.153882
ZJ016804,0.276092,3.5e-05,0.098562,0.571156,0.009153,0.003162,0.000625,0.041215
ZJ016805,0.067016,0.000388,0.136638,0.308437,0.004005,0.000717,0.000216,0.482584
ZJ016806,0.058012,0.0,1.7e-05,0.0,0.941932,0.0,3.3e-05,6e-06
ZJ016807,0.583934,0.014572,0.196229,0.000877,0.016699,0.002752,0.119288,0.065648
ZJ016808,0.312474,0.009586,0.259033,7.3e-05,0.005254,0.012154,0.391678,0.009748
ZJ016809,0.018588,0.0,0.067655,0.812957,0.000331,4.2e-05,0.0,0.100427
ZJ016810,3e-06,0.0,2e-06,0.0,0.999995,0.0,0.0,0.0
ZJ016811,0.245185,0.005612,0.143426,1.5e-05,0.002745,0.001811,0.587811,0.013397
ZJ016812,0.0,0.0,0.0,0.0,0.0,1.0,0.0,0.0
ZJ016813,0.214336,0.070225,0.149222,0.000529,0.009394,0.003191,0.41207,0.141035
ZJ016814,0.181074,0.013886,0.422887,0.054741,0.023298,0.024968,0.016139,0.263007
ZJ016815,0.212449,0.103468,0.51614,4.4e-05,0.003798,0.009474,0.130474,0.024154
ZJ016816,0.661936,0.020623,0.162457,0.000199,0.02464,0.001708,0.083126,0.045311
ZJ016817,0.000332,0.0,2.2e-05,0.0,0.0,0.0,0.999642,5e-06
ZJ016818,0.203594,0.089778,0.23333,0.016867,0.020101,0.0076,0.0536,0.375129
ZJ016819,0.691101,0.016124,0.119377,0.00021,0.023983,0.000342,0.052249,0.096614
ZJ016820,0.084883,0.003383,0.125111,0.000242,0.079088,0.684675,0.021974,0.000645
ZJ016821,0.914654,0.001616,0.033237,3e-06,0.019854,2.3e-05,0.021874,0.00874
ZJ016822,0.399298,0.052289,0.280086,0.00361,0.026255,0.008491,0.076662,0.153308
ZJ016823,0.238887,0.000481,0.068144,0.0,0.000519,0.000138,0.691044,0.000787
ZJ016824,0.093184,0.000273,0.154334,0.57021,0.010876,0.010827,0.000729,0.159567
ZJ016825,0.071628,0.000102,0.143723,0.590996,0.005527,0.004212,0.000191,0.183622
ZJ016826,0.880034,0.004855,0.021567,2e-06,0.052183,2.4e-05,0.033384,0.007951
ZJ016827,0.188468,0.018713,0.201309,0.0,0.000704,0.001385,0.588066,0.001355
ZJ016828,0.027659,1.9e-05,0.095616,0.364116,0.00057,4.9e-05,8e-06,0.511962
ZJ016829,0.103219,8.9e-05,0.002152,1.2e-05,0.892065,2.6e-05,0.001194,0.001243
ZJ016830,0.210918,0.007037,0.522949,0.015458,0.010503,0.009658,0.008965,0.214514
ZJ016831,0.0,0.0,0.0,0.0,0.0,1.0,0.0,0.0
ZJ016832,0.790649,0.008267,0.023106,1.1e-05,0.133402,6.7e-05,0.028995,0.015503
ZJ016833,0.222108,0.09434,0.293681,0.010533,0.02749,0.01412,0.067703,0.270026
ZJ016834,0.850279,0.003459,0.063193,1.6e-05,0.013008,2.8e-05,0.029614,0.040402
ZJ016835,0.341827,0.113642,0.205247,0.001372,0.041831,0.0226,0.212068,0.061414
ZJ016836,0.999609,0.0,8.3e-05,0.0,0.000227,0.0,7.4e-05,7e-06
ZJ016837,0.541957,0.036312,0.09982,4.7e-05,0.027678,0.000728,0.247821,0.045637
ZJ016838,0.051564,0.753226,0.056702,1.1e-05,0.00385,0.000313,0.080642,0.053691
ZJ016839,0.030746,0.000377,0.699192,1e-06,0.000691,0.252047,0.016882,6.4e-05
ZJ016840,0.062671,4e-06,0.008225,0.0,3e-06,0.0,0.928945,0.000152
ZJ016841,0.999998,0.0,0.0,0.0,2e-06,0.0,0.0,0.0
ZJ016842,0.298629,0.124133,0.229992,0.002909,0.026556,0.014819,0.18121,0.121753
ZJ016843,0.111682,0.001309,0.184619,0.453325,0.031369,0.085609,0.007094,0.124994
ZJ016844,0.182715,0.244424,0.307836,0.0009,0.013207,0.020697,0.160066,0.070154
ZJ016845,0.07683,0.000529,0.799911,0.00412,0.004155,0.103576,0.002696,0.008183
ZJ016846,0.001558,9.8e-05,0.977251,0.0,0.000211,0.020666,0.000211,4e-06
ZJ016847,0.799813,0.002303,0.127763,4e-06,0.006948,0.000348,0.057175,0.005646
ZJ016848,0.470505,0.044167,0.200209,0.002649,0.026547,0.003295,0.079394,0.173235
ZJ016849,0.000421,0.0,0.006877,0.992403,1e-06,5.9e-05,0.0,0.00024
ZJ016850,0.237148,0.000267,0.114554,0.525635,0.017711,0.003199,0.001193,0.100292
ZJ016851,0.094433,0.007553,0.647465,0.004865,0.005839,0.003671,0.00442,0.231753
ZJ016852,0.219169,0.033558,0.373991,0.023488,0.029531,0.020825,0.038946,0.260493
ZJ016853,0.0,0.0,0.0,0.0,0.0,1.0,0.0,0.0
ZJ016854,0.839319,0.001266,0.115359,1.7e-05,0.004531,8.8e-05,0.022755,0.016666
ZJ016855,0.201371,0.087087,0.50065,0.000351,0.007444,0.017978,0.139548,0.045572
ZJ016856,0.880591,0.002505,0.051673,3e-06,0.019808,0.000144,0.040961,0.004316
ZJ016857,0.004981,0.0,0.033944,0.927911,1.5e-05,3e-06,0.0,0.033146
ZJ016858,0.203366,0.071692,0.225298,9e-06,0.003432,0.00554,0.475467,0.015198
ZJ016859,0.015152,0.0,0.060023,0.81414,0.000137,1.3e-05,0.0,0.110536
ZJ016860,0.0,0.0,5e-06,0.0,0.0,0.999995,0.0,0.0
ZJ016861,0.069629,5e-05,0.137835,0.673542,0.003756,0.007387,0.0002,0.107601
ZJ016862,0.06297,0.737867,0.071625,0.0,0.002287,0.000301,0.110934,0.014015
ZJ016863,0.205649,0.242831,0.182164,0.001305,0.015029,0.004958,0.161337,0.186727
ZJ016864,0.778859,0.001217,0.124387,0.0,0.001769,0.000143,0.091668,0.001956
ZJ016865,0.250245,0.000903,0.029784,0.0,0.001355,1.9e-05,0.70943,0.008263
ZJ016866,0.130912,0.121207,0.131832,0.01123,0.007172,0.001455,0.061576,0.534616
ZJ016867,0.152701,0.103284,0.146059,0.00914,0.007856,0.00145,0.054711,0.524799
ZJ016868,0.208048,0.035502,0.409454,0.000351,0.010035,0.07062,0.251922,0.014069
ZJ016869,0.068625,0.000239,0.066811,0.0,2.7e-05,4.1e-05,0.863293,0.000965
ZJ016870,0.004859,0.975382,0.003912,0.0,1.9e-05,0.0,0.015731,9.8e-05
ZJ016871,0.171117,0.306616,0.207625,0.000728,0.009388,0.003675,0.135183,0.165668
ZJ016872,0.026763,0.00676,0.298735,0.000229,0.008477,0.643563,0.014556,0.000915
ZJ016873,0.838143,0.004415,0.069389,1.9e-05,0.014914,4.4e-05,0.03317,0.039905
ZJ016874,0.096023,0.127901,0.190118,0.0,0.000278,0.000244,0.557777,0.027659
ZJ016875,0.054337,0.000404,0.736763,0.0,7e-05,0.055827,0.152586,1.2e-05
ZJ016876,0.038149,0.851685,0.023617,0.0,0.000393,8e-06,0.083687,0.00246
ZJ016877,0.999993,0.0,1e-06,0.0,5e-06,0.0,1e-06,0.0
ZJ016878,0.342297,0.018601,0.220426,0.05791,0.042407,0.010608,0.031006,0.276743
ZJ016879,0.176648,0.048398,0.335052,0.001322,0.029636,0.239229,0.158415,0.0113
ZJ016880,0.72841,0.011561,0.129292,9.9e-05,0.021529,0.000665,0.067615,0.040827
ZJ016881,0.045053,0.814577,0.054376,0.0,0.002784,0.000295,0.069531,0.013384
ZJ016882,0.03546,0.000193,0.080205,0.0,6e-06,5.8e-05,0.883742,0.000336
ZJ016883,0.041854,0.001313,0.049094,0.0,7e-06,4e-06,0.906645,0.001083
ZJ016884,0.042547,0.0,0.000749,0.0,0.0,0.0,0.956672,3.2e-05
ZJ016885,0.160487,0.201929,0.058238,5e-06,0.003915,4.9e-05,0.371614,0.203763
ZJ016886,0.06229,0.000382,0.075499,0.0,1.4e-05,4.1e-05,0.861572,0.000202
ZJ016887,0.065531,0.001114,0.018534,0.0,7.8e-05,1e-06,0.875517,0.039223
ZJ016888,0.07173,2.8e-05,0.124456,0.678206,0.003846,0.002557,9.1e-05,0.119086
ZJ016889,0.317278,0.163612,0.177369,8.8e-05,0.021183,0.006051,0.274356,0.040063
ZJ016890,0.091855,0.011944,0.179523,0.092094,0.007835,0.001994,0.005608,0.609148
ZJ016891,0.767472,0.009631,0.097183,7.1e-05,0.026538,0.00037,0.061018,0.037718
ZJ016892,0.588216,0.015874,0.204533,0.001002,0.039763,0.012355,0.113929,0.024328
ZJ016893,0.327342,0.01321,0.208554,0.082704,0.027718,0.050248,0.172828,0.117395
ZJ016894,0.389475,0.026398,0.391005,0.003818,0.016191,0.015793,0.067965,0.089354
ZJ016895,0.165016,0.385836,0.156294,0.00057,0.015879,0.004839,0.142589,0.128977
ZJ016896,0.309343,0.022589,0.289063,7.8e-05,0.005865,0.010873,0.346739,0.01545
ZJ016897,0.072312,4e-06,0.005961,0.0,3e-06,0.0,0.921629,9.1e-05
ZJ016898,0.104242,0.000374,0.655397,0.089503,0.010538,0.09472,0.00175,0.043476
ZJ016899,0.294362,0.00018,0.043612,0.0,0.000834,8e-05,0.660069,0.000863
ZJ016900,0.074166,0.002917,0.194583,0.097914,0.006197,0.00116,0.001262,0.621801
ZJ016901,0.0,0.0,0.0,0.0,0.0,1.0,0.0,0.0
ZJ016902,0.879224,0.002917,0.051646,3e-06,0.016534,5e-05,0.038157,0.011468
ZJ016903,0.268451,0.015023,0.609651,4e-06,0.001052,0.008478,0.09356,0.00378
ZJ016904,0.255392,0.05658,0.294117,0.029532,0.058818,0.064656,0.091709,0.149197
ZJ016905,0.08968,0.011545,0.139964,0.136633,0.004725,0.001251,0.005043,0.611159
ZJ016906,0.310344,0.110976,0.227838,0.005064,0.031836,0.012808,0.130187,0.170947
ZJ016907,0.969923,5.3e-05,0.000872,0.0,0.025989,0.0,0.002971,0.000192
ZJ016908,0.000261,0.0,6.8e-05,0.0,0.0,0.0,0.999671,1e-06
ZJ016909,1e-04,0.0,0.004038,0.0,4e-06,0.99582,3.8e-05,0.0
ZJ016910,0.099067,0.000397,0.163861,0.514353,0.015168,0.0088,0.000831,0.197524
ZJ016911,0.095492,0.607251,0.086386,5.2e-05,0.011539,0.001065,0.107826,0.090387
ZJ016912,0.246901,0.023693,0.495696,2e-05,0.002228,0.015219,0.20916,0.007082
ZJ016913,0.699727,0.004435,0.157651,1e-06,0.002979,0.000395,0.132379,0.002433
ZJ016914,0.080121,0.006311,0.135804,0.102404,0.002561,0.000534,0.002792,0.669474
ZJ016915,0.248899,0.030124,0.192541,0.022187,0.050854,0.202561,0.214764,0.03807
ZJ016916,0.18692,0.054696,0.231944,0.035489,0.06839,0.241804,0.116971,0.063786
ZJ016917,0.790059,0.007662,0.076246,4.2e-05,0.018808,4.9e-05,0.028703,0.078432
ZJ016918,0.741536,0.009459,0.124715,8.9e-05,0.020603,0.000596,0.065928,0.037075
ZJ016919,0.999756,0.0,0.000124,0.0,8.9e-05,0.0,2.9e-05,2e-06
ZJ016920,0.0,0.0,0.0,0.0,0.0,1.0,0.0,0.0
ZJ016921,0.091546,0.152008,0.336961,0.00043,0.020417,0.281177,0.109909,0.007552
ZJ016922,0.345961,0.012551,0.26577,0.000116,0.00677,0.012127,0.344546,0.012158
ZJ016923,0.096859,0.013723,0.27824,0.012205,0.035831,0.500654,0.046673,0.015815
ZJ016924,0.151366,0.405529,0.127377,0.000277,0.012325,0.002207,0.154111,0.146808
ZJ016925,0.0,0.0,0.0,0.0,0.0,1.0,0.0,0.0
ZJ016926,0.13765,0.014566,0.620706,0.004801,0.039063,0.109541,0.025493,0.048181
ZJ016927,0.03463,7e-06,0.008838,0.0,1e-06,0.0,0.956315,0.000209
ZJ016928,0.639457,0.006062,0.048223,3e-06,0.01317,4.8e-05,0.268555,0.024481
ZJ016929,0.537943,0.059433,0.143703,0.000548,0.041662,0.002316,0.116881,0.097515
ZJ016930,0.170504,0.245742,0.254396,0.000199,0.01811,0.05972,0.230697,0.020632
ZJ016931,0.025133,0.000162,0.130117,0.046986,0.000395,2.2e-05,5e-05,0.797135
ZJ016932,0.050942,0.0,0.066174,0.852628,0.000645,0.000347,4e-06,0.02926
ZJ016933,0.093277,0.631227,0.100544,2.8e-05,0.007904,0.00169,0.117373,0.047956
ZJ016934,0.124635,0.034178,0.619309,0.002424,0.008005,0.006674,0.019296,0.18548
ZJ016935,0.597875,0.047867,0.108442,0.000236,0.046582,0.001148,0.12359,0.07426
ZJ016936,0.152259,0.059851,0.086501,0.001289,0.003739,0.000156,0.114335,0.58187
ZJ016937,0.030725,0.872338,0.021706,0.0,0.000777,1e-05,0.060393,0.014051
ZJ016938,0.0,0.0,3.3e-05,0.0,0.0,0.999967,0.0,0.0
ZJ016939,0.151183,0.009105,0.774615,3.4e-05,0.001873,0.028711,0.029843,0.004636
ZJ016940,0.120069,1.4e-05,0.00057,4e-06,0.878413,4e-06,0.000629,0.000297
ZJ016941,0.032955,2.3e-05,0.104668,0.415689,0.000957,0.00011,1.1e-05,0.445586
ZJ016942,0.013003,0.0,0.000725,0.0,0.0,0.0,0.986038,0.000234
ZJ016943,0.697623,0.006859,0.210905,2.3e-05,0.007317,0.000785,0.058755,0.017733
ZJ016944,0.209095,0.040401,0.299529,0.052313,0.020489,0.017791,0.036233,0.324149
ZJ016945,0.175816,0.04146,0.512367,0.000216,0.007719,0.066752,0.183035,0.012634
ZJ016946,0.053623,0.000223,0.16308,0.0,1.9e-05,0.001227,0.78173,9.8e-05
ZJ016947,0.072473,0.001156,0.779098,0.0,3.1e-05,0.007283,0.139932,2.9e-05
ZJ016948,0.230608,0.116783,0.219769,0.00859,0.132612,0.022057,0.06293,0.206652
ZJ016949,0.127451,0.025198,0.545449,0.007316,0.016164,0.01063,0.016899,0.250892
ZJ016950,0.996832,0.0,0.002862,0.0,9.5e-05,0.0,0.000176,3.4e-05
ZJ016951,0.035069,0.000117,0.099545,0.190592,0.000604,4.8e-05,4.7e-05,0.673977
ZJ016952,0.486238,0.097345,0.145107,6.3e-05,0.07898,0.015126,0.165714,0.011427
ZJ016953,0.748561,0.006319,0.063477,0.0,0.003921,5.3e-05,0.176538,0.001132
ZJ016954,0.231194,0.052191,0.403933,0.000213,0.005249,0.018956,0.260419,0.027844
ZJ016955,0.999085,0.0,0.000384,0.0,4.7e-05,0.0,0.000483,1e-06
ZJ016956,0.24896,0.141719,0.283574,0.002514,0.018468,0.017703,0.171799,0.115263
ZJ016957,0.150031,0.025693,0.221126,2e-06,0.000925,0.002172,0.588836,0.011214
ZJ016958,0.0,0.0,0.0,0.0,0.0,1.0,0.0,0.0
ZJ016959,0.038456,9.1e-05,0.914811,0.000196,0.001192,0.042688,0.000661,0.001904
ZJ016960,0.454034,0.016054,0.377212,0.000491,0.007699,0.008381,0.103178,0.032951
ZJ016961,0.247496,0.015161,0.629086,1e-06,0.000673,0.004932,0.100603,0.002048
ZJ016962,0.025309,0.0,0.094838,0.786062,0.000796,0.000506,2e-06,0.092487
ZJ016963,0.072504,0.01385,0.773005,1e-06,0.000915,0.034914,0.104078,0.000733
ZJ016964,0.239674,0.242163,0.219245,0.000229,0.018418,0.012157,0.217686,0.050426
ZJ016965,0.438038,0.036687,0.305661,0.002641,0.017934,0.0091,0.083974,0.105965
ZJ016966,0.055979,1e-06,0.080433,0.805455,0.00088,0.000337,6e-06,0.05691
ZJ016967,0.587629,0.038186,0.121392,0.001009,0.059998,0.002151,0.09244,0.097194
ZJ016968,0.07775,3.4e-05,0.017517,0.0,1.2e-05,1e-06,0.904491,0.000195
ZJ016969,0.299448,0.025553,0.161439,0.000213,0.011408,0.004402,0.449197,0.04834
ZJ016970,0.051307,0.000963,0.139709,0.0,2.3e-05,0.000258,0.806624,0.001116
ZJ016971,0.487707,0.04044,0.22787,0.001299,0.027469,0.007283,0.131767,0.076164
ZJ016972,0.089548,0.008989,0.234365,0.083298,0.011516,0.00323,0.003735,0.565319
ZJ016973,0.03799,0.810972,0.0661,6e-06,0.003217,0.000839,0.06018,0.020695
ZJ016974,0.102969,0.013991,0.294762,1e-06,0.000312,0.003205,0.580482,0.00428
ZJ016975,0.000547,0.0,2.6e-05,0.0,0.0,0.0,0.999428,0.0
ZJ016976,0.328549,0.032292,0.057027,1e-06,0.006832,6.1e-05,0.534555,0.040684
ZJ016977,0.074961,0.001549,0.186252,0.014366,0.017118,0.669182,0.030947,0.005625
ZJ016978,0.689954,0.003237,0.20846,7e-05,0.004647,0.00091,0.075465,0.017257
ZJ016979,0.396331,0.003075,0.436999,1e-06,0.002588,0.024954,0.13576,0.000293
ZJ016980,0.000255,0.997186,0.000646,0.0,0.0,0.0,0.001893,2e-05
ZJ016981,0.147714,0.226825,0.119876,0.002465,0.013006,0.001672,0.120958,0.367484
ZJ016982,0.197308,0.039179,0.655024,2.6e-05,0.002774,0.016381,0.079518,0.009789
ZJ016983,0.026133,0.000101,0.088909,0.067384,0.000206,1.1e-05,4.8e-05,0.817207
ZJ016984,0.842676,0.003752,0.041595,0.000106,0.070399,0.000185,0.021523,0.019762
ZJ016985,0.553829,0.065136,0.145498,0.000325,0.040901,0.002682,0.124236,0.067394
ZJ016986,0.031233,0.0,0.062182,0.878065,0.000451,0.000277,1e-06,0.027791
ZJ016987,0.322211,0.090568,0.183644,0.003426,0.029495,0.008534,0.205941,0.15618
ZJ016988,0.991511,5e-06,0.004884,0.0,0.00222,0.0,0.001026,0.000354
ZJ016989,0.0,0.0,0.0,0.0,0.0,1.0,0.0,0.0
ZJ016990,0.901083,0.002029,0.041918,2e-06,0.010952,1e-05,0.025896,0.01811
ZJ016991,0.0,0.0,5e-06,0.0,0.0,0.999996,0.0,0.0
ZJ016992,4e-06,0.0,1e-06,0.0,0.0,0.0,0.999992,3e-06
ZJ016993,0.301178,0.036046,0.159689,1e-06,0.003915,0.001475,0.490942,0.006754
ZJ016994,0.007703,0.934126,0.034309,0.0,0.00015,8.9e-05,0.023327,0.000296
ZJ016995,0.110902,0.005126,0.073997,0.036818,0.67426,0.042771,0.008005,0.048122
ZJ016996,0.209406,0.177823,0.182732,0.004108,0.017271,0.005551,0.136493,0.266616
ZJ016997,0.201078,0.007046,0.609134,1e-06,0.000597,0.012319,0.168781,0.001044
ZJ016998,0.550434,0.037875,0.184423,0.000842,0.025988,0.00223,0.086709,0.111499
ZJ016999,0.0,0.0,0.0,0.0,0.0,1.0,0.0,0.0
ZJ017000,9e-06,0.999718,0.000154,0.0,0.0,0.0,0.00012,0.0
ZJ017001,0.157969,0.006146,0.455225,0.079781,0.023405,0.028686,0.008605,0.240184
ZJ017002,0.788346,5e-06,0.000299,0.0,0.210665,0.0,0.00049,0.000195
ZJ017003,0.584922,0.021203,0.234083,0.000779,0.023139,0.004587,0.072505,0.058784
ZJ017004,0.243566,0.135828,0.200851,0.00593,0.019369,0.006247,0.117487,0.270723
ZJ017005,0.155215,0.381967,0.156463,0.000365,0.01031,0.002505,0.142554,0.15062
ZJ017006,0.960058,0.000183,0.02,0.0,0.003538,1e-06,0.013225,0.002995
ZJ017007,0.215424,0.029994,0.503902,0.006978,0.037561,0.081386,0.050647,0.074107
ZJ017008,0.355838,0.073062,0.234291,0.000817,0.025908,0.016786,0.240495,0.052803
ZJ017009,0.554985,0.002207,0.256861,9.9e-05,0.003648,0.002803,0.168928,0.010468
ZJ017010,0.124163,0.000664,0.163696,0.413711,0.009218,0.003529,0.000755,0.284264
ZJ017011,0.98299,1.6e-05,0.008969,0.0,0.001076,0.0,0.006795,0.000155
ZJ017012,0.846856,0.000406,0.126068,3e-06,0.00163,6.8e-05,0.020132,0.004837
ZJ017013,0.032445,1.2e-05,0.103187,0.475664,0.000786,1e-04,6e-06,0.387799
ZJ017014,0.542943,0.033082,0.184646,0.001383,0.028295,0.002602,0.082172,0.124876
ZJ017015,0.409355,0.049812,0.247322,0.00033,0.018826,0.009741,0.225549,0.039065
ZJ017016,0.165206,0.235573,0.216976,7e-06,0.002357,0.001763,0.341917,0.036202
ZJ017017,0.177209,4e-06,0.081303,0.696923,0.00185,0.000337,4e-05,0.042334
ZJ017018,0.599725,0.003633,0.083986,0.0,0.002852,0.000107,0.307574,0.002123
ZJ017019,0.568937,0.013107,0.189761,4.7e-05,0.009672,0.002026,0.199279,0.01717
ZJ017020,0.999998,0.0,0.0,0.0,1e-06,0.0,0.0,0.0
ZJ017021,0.219252,0.003771,0.064801,1e-06,0.001158,8.9e-05,0.694078,0.01685
ZJ017022,0.625145,0.01258,0.251016,7.2e-05,0.009278,0.001566,0.07017,0.030174
ZJ017023,0.036346,0.000255,0.916626,0.0,6.3e-05,0.031701,0.014991,1.6e-05
ZJ017024,0.063514,0.261274,0.344093,1e-06,0.000195,0.00029,0.296828,0.033805
ZJ017025,0.206653,0.009611,0.317157,0.0,0.000817,0.005986,0.458475,0.001301
ZJ017026,0.051072,0.01273,0.822508,0.0,0.000619,0.033514,0.079169,0.000389
ZJ017027,0.218533,0.005848,0.36237,0.179546,0.018272,0.097361,0.020439,0.097631
ZJ017028,0.043306,0.47996,0.029368,0.0,3.3e-05,0.0,0.422792,0.024541
ZJ017029,0.01362,0.0,0.055568,0.861697,0.000162,2.1e-05,0.0,0.068931
