,antelope_duiker,bird,blank,civet_genet,hog,leopard,monkey_prosimian,rodent
ZJ016488,0.111561,0.002945,0.657787,0.057678,0.00782,0.028493,0.005462,0.128253
ZJ016489,0.630184,0.005836,0.098456,0.103857,0.012499,0.000583,0.004662,0.143922
ZJ016490,0.008611,0.0,0.007625,0.980619,2e-06,0.0,0.0,0.003142
ZJ016491,0.0,0.0,0.0,0.0,0.0,1.0,0.0,0.0
ZJ016492,0.449585,0.058352,0.218933,0.002138,0.015357,0.010617,0.179094,0.065925
ZJ016493,0.306099,0.053253,0.249642,0.000487,0.012372,0.029467,0.332525,0.016157
ZJ016494,0.028705,0.000235,0.967879,0.0,1.1e-05,0.000228,0.002412,0.000529
ZJ016495,0.034978,3e-06,0.001982,0.0,1e-05,0.0,0.963023,4e-06
ZJ016496,0.765322,0.010054,0.134658,0.000601,0.012994,0.00135,0.043388,0.031633
ZJ016497,0.319237,0.020234,0.501493,0.003164,0.00618,0.010002,0.045191,0.094499
ZJ016498,0.52562,0.021144,0.220928,0.036186,0.051944,0.037802,0.034856,0.071519
ZJ016499,0.477238,0.010652,0.164051,1.5e-05,0.003731,0.001074,0.338771,0.004468
ZJ016500,0.707481,0.010056,0.183316,0.000202,0.00766,0.002851,0.071987,0.016448
ZJ016501,0.012115,2.1e-05,0.970771,0.001454,0.000261,0.002468,9.7e-05,0.012813
ZJ016502,0.053353,0.000157,0.724319,0.145935,0.008841,0.007701,0.00038,0.059314
ZJ016503,0.063984,0.026778,0.782412,1e-06,0.000294,0.021381,0.10496,0.00019
ZJ016504,0.795908,0.000931,0.189676,0.000105,0.002743,0.000939,0.005925,0.003773
ZJ016505,0.811696,0.000187,0.182576,9.2e-05,0.001925,0.000954,0.001405,0.001164
ZJ016506,0.257744,0.046392,0.611796,0.000161,0.00252,0.010778,0.06141,0.009199
ZJ016507,0.787347,0.002673,0.151182,6.8e-05,0.007413,0.00067,0.044944,0.005704
ZJ016508,0.009667,0.0,0.078222,0.906593,0.000294,3.7e-05,0.0,0.005187
ZJ016509,0.000882,0.994793,0.003473,0.0,0.0,0.0,0.000801,5e-05
ZJ016510,0.407762,0.024644,0.462316,0.002801,0.006711,0.010009,0.030488,0.055269
ZJ016511,0.085277,0.001444,0.366579,0.013994,0.002857,0.001428,0.003034,0.525387
ZJ016512,0.085171,0.015175,0.827811,8e-06,0.00081,0.035074,0.035526,0.000425
ZJ016513,0.614762,0.064965,0.162823,0.004192,0.019934,0.001614,0.056245,0.075466
ZJ016514,0.023062,0.0,0.004739,0.97041,3e-06,0.0,0.0,0.001786
ZJ016515,0.004464,2.6e-05,0.124379,4e-06,5.5e-05,0.869875,0.001196,3e-06
ZJ016516,0.062569,0.00052,0.765605,0.007337,0.002129,0.002981,0.001629,0.15723
ZJ016517,0.223643,0.017132,0.629595,0.000281,0.00167,0.003512,0.046508,0.077659
ZJ016518,0.999998,0.0,2e-06,0.0,0.0,0.0,0.0,0.0
ZJ016519,0.837485,0.000343,0.14679,0.000239,0.004122,0.000372,0.002354,0.008294
ZJ016520,0.952124,2.2e-05,0.039293,0.001565,0.003929,4.3e-05,0.000117,0.002907
ZJ016521,0.279834,0.00539,0.63617,0.000114,0.002107,0.002933,0.065482,0.00797
ZJ016522,0.999843,0.0,0.000141,0.0,1.4e-05,0.0,2e-06,1e-06
ZJ016523,0.029683,0.923417,0.036183,7.7e-05,0.00015,5.3e-05,0.007985,0.002451
ZJ016524,0.043659,0.000206,0.712738,0.084208,0.002322,0.004509,0.000351,0.152007
ZJ016525,0.433504,0.000747,0.084761,0.240104,0.226581,0.003068,0.003652,0.007583
ZJ016526,0.353908,0.001382,0.077431,0.461906,0.005165,0.000264,0.000837,0.099107
ZJ016527,0.000161,0.0,0.003099,0.996708,0.0,0.0,0.0,3.1e-05
ZJ016528,0.068866,0.002115,0.897468,0.0,9.7e-05,0.000903,0.029985,0.000566
ZJ016529,0.12061,0.002233,0.060357,0.0,0.00045,0.000252,0.815545,0.000553
ZJ016530,0.01876,0.006226,0.788522,0.0,6.1e-05,0.164384,0.022021,2.6e-05
ZJ016531,0.045975,0.000261,0.85893,0.019951,0.001838,0.014524,0.00071,0.057812
ZJ016532,0.0,0.0,0.0,0.0,0.0,1.0,0.0,0.0
ZJ016533,0.343646,0.140446,0.248408,0.003481,0.016015,0.016986,0.177288,0.05373
ZJ016534,0.067104,0.000599,0.71787,0.096423,0.011662,0.015907,0.001456,0.08898
ZJ016535,1.1e-05,0.0,1e-06,0.0,0.0,0.0,0.999989,0.0
ZJ016536,0.482559,0.028463,0.382201,0.001169,0.00744,0.020317,0.053634,0.024218
ZJ016537,0.063387,0.000928,0.075004,0.0,0.00013,0.000248,0.860226,7.6e-05
ZJ016538,0.061132,6.4e-05,0.011569,0.0,0.000137,6e-06,0.927049,4.2e-05
ZJ016539,0.073724,0.012282,0.213832,0.0161,0.002285,0.000972,0.013254,0.667552
ZJ016540,0.070282,0.741738,0.114766,0.000115,0.000359,0.00168,0.056432,0.014628
ZJ016541,0.020588,0.008108,0.263207,0.0,8e-06,0.000193,0.706954,0.000941
ZJ016542,0.069125,0.000133,0.218777,0.640339,0.004891,0.001722,0.000179,0.064833
ZJ016543,0.063003,3e-06,0.040651,0.876815,0.000258,3.8e-05,4e-06,0.019229
ZJ016544,0.994722,2e-06,0.00436,0.0,0.00045,0.0,0.000331,0.000135
ZJ016545,0.705971,0.007788,0.182207,9.6e-05,0.007096,0.001492,0.086286,0.009064
ZJ016546,0.016788,1e-06,0.170027,0.798337,0.003165,0.001627,1.1e-05,0.010043
ZJ016547,0.018901,5e-05,0.801283,0.000377,9.7e-05,0.00027,0.000239,0.178783
ZJ016548,0.485715,0.010497,0.42258,0.002548,0.008837,0.02443,0.025698,0.019694
ZJ016549,0.135595,0.04957,0.703847,6e-06,0.000792,0.014845,0.094214,0.001132
ZJ016550,0.549668,0.0021,0.086844,0.214286,0.015128,0.001013,0.003391,0.127569
ZJ016551,0.163611,0.022996,0.367373,1.2e-05,0.001801,0.011975,0.429777,0.002455
ZJ016552,0.013217,0.000613,0.828902,0.0,2e-06,0.000129,0.157137,1e-06
ZJ016553,0.000337,0.0,0.99966,0.0,0.0,1e-06,2e-06,0.0
ZJ016554,0.324766,0.036387,0.189717,4.5e-05,0.004885,0.004445,0.431275,0.00848
ZJ016555,0.191315,0.002281,0.201856,0.478805,0.021681,0.010729,0.002951,0.090381
ZJ016556,0.226415,0.047082,0.205607,9e-05,0.00502,0.011111,0.492628,0.012047
ZJ016557,0.3119,0.066871,0.223554,0.001149,0.012418,0.018687,0.314956,0.050464
ZJ016558,0.0,0.0,0.0,0.0,0.0,1.0,0.0,0.0
ZJ016559,0.733735,0.001858,0.238809,0.000551,0.005462,0.004102,0.008616,0.006867
ZJ016560,0.042427,0.749244,0.147352,3e-06,0.000114,0.004728,0.055225,0.000908
ZJ016561,0.999978,0.0,1.8e-05,0.0,4e-06,0.0,0.0,0.0
ZJ016562,0.092188,0.477577,0.273562,1.4e-05,0.000477,0.009544,0.14309,0.003548
ZJ016563,0.925211,0.00027,0.037816,0.0,0.001563,1e-05,0.033323,0.001806
ZJ016564,4.5e-05,0.999788,0.00016,0.0,0.0,0.0,7e-06,0.0
ZJ016565,0.0,0.0,0.0,0.0,0.0,1.0,0.0,0.0
ZJ016566,0.023648,5.2e-05,0.974326,0.0,2e-06,4.9e-05,0.001879,4.3e-05
ZJ016567,0.050325,0.000222,0.306136,0.011209,0.001216,0.000302,0.000546,0.630043
ZJ016568,0.0,0.0,7e-06,0.0,0.0,0.999993,0.0,0.0
ZJ016569,0.00516,3e-06,0.994759,0.0,0.0,1e-05,4.4e-05,2.4e-05
ZJ016570,0.128201,0.805692,0.049247,9.7e-05,0.00026,3e-06,0.008641,0.007859
ZJ016571,0.130506,0.004334,0.826234,0.000176,0.000938,0.010851,0.019614,0.007345
ZJ016572,0.004332,0.965029,0.015056,0.0,0.0,0.0,0.01476,0.000823
ZJ016573,0.053002,0.001032,0.416523,0.004607,0.000905,0.000653,0.002202,0.521075
ZJ016574,0.110046,0.001068,0.325786,0.35106,0.009719,0.008138,0.00152,0.192664
ZJ016575,0.0985,0.001002,0.545318,0.19417,0.02094,0.059074,0.003515,0.077481
ZJ016576,0.679054,0.003816,0.275114,0.000224,0.003078,0.002068,0.018962,0.017682
ZJ016577,0.075113,0.156796,0.128662,2.4e-05,0.000607,0.00449,0.576597,0.057711
ZJ016578,0.189923,0.002935,0.084195,2e-06,0.002124,0.001054,0.718473,0.001295
ZJ016579,0.255822,0.067804,0.388544,0.000259,0.005546,0.023159,0.247423,0.011444
ZJ016580,0.048708,0.066827,0.31527,3e-06,5e-05,0.000319,0.386308,0.182516
ZJ016581,0.185111,0.004896,0.788323,6e-06,0.000248,0.00363,0.01646,0.001326
ZJ016582,0.0,0.0,0.0,0.0,0.0,1.0,0.0,0.0
ZJ016583,0.311916,0.00414,0.107572,2e-06,0.001856,0.00056,0.571476,0.002478
ZJ016584,0.069243,0.000138,0.213836,0.653077,0.007728,0.004938,0.000311,0.050728
ZJ016585,0.0,0.0,0.0,0.0,0.0,1.0,0.0,0.0
ZJ016586,0.06232,0.006029,0.201562,0.018347,0.001493,0.00055,0.006204,0.703495
ZJ016587,0.0,0.0,1.0,0.0,0.0,0.0,0.0,0.0
ZJ016588,0.848528,3e-06,0.010916,0.12876,0.00148,0.0,5e-06,0.010308
ZJ016589,0.271387,0.039744,0.171305,0.000306,0.009498,0.009022,0.466378,0.032361
ZJ016590,0.441652,0.018669,0.437225,0.001946,0.008003,0.021327,0.04226,0.02892
ZJ016591,0.624732,3e-06,0.006783,0.0,0.001245,0.0,0.367226,1.1e-05
ZJ016592,0.228366,0.026421,0.161323,0.31478,0.013677,0.005477,0.015687,0.234268
ZJ016593,0.65815,0.014541,0.282713,0.000294,0.004802,0.004966,0.025948,0.008587
ZJ016594,0.531313,0.010952,0.175219,0.12049,0.023487,0.007065,0.009144,0.122329
ZJ016595,0.00021,0.0,2.8e-05,0.0,0.0,0.0,0.999763,0.0
ZJ016596,0.942939,0.000148,0.029919,2e-06,0.002749,7e-06,0.020093,0.004142
ZJ016597,0.161742,0.057928,0.553034,2.8e-05,0.002045,0.01943,0.203067,0.002726
ZJ016598,0.0,0.0,0.0,0.0,0.0,1.0,0.0,0.0
ZJ016599,0.154441,0.26504,0.157422,0.274253,0.047029,0.002329,0.075423,0.024064
ZJ016600,0.64583,0.121639,0.143778,0.00606,0.019067,0.000533,0.021816,0.041277
ZJ016601,0.714894,0.003206,0.245988,0.000132,0.004579,0.003891,0.023513,0.003796
ZJ016602,0.865587,0.001986,0.061087,0.000589,0.042189,0.000316,0.016818,0.011428
ZJ016603,0.315559,0.022078,0.145325,0.122162,0.245074,0.026342,0.093688,0.029773
ZJ016604,0.049975,5.2e-05,0.171449,0.70751,0.002776,0.00071,8.8e-05,0.067441
ZJ016605,0.045122,0.025044,0.342876,0.0,5.8e-05,0.000336,0.509606,0.076958
ZJ016606,0.780614,0.019806,0.115968,0.002136,0.015511,0.00041,0.021286,0.044269
ZJ016607,0.088181,0.000337,0.534024,0.071273,0.009057,0.28063,0.002852,0.013645
ZJ016608,0.005164,0.0,0.046315,0.944526,4.6e-05,6e-06,0.0,0.003942
ZJ016609,0.085994,0.001947,0.899225,1e-06,6.2e-05,0.000882,0.011405,0.000484
ZJ016610,0.267181,0.012928,0.631391,0.000659,0.00329,0.053671,0.024292,0.006588
ZJ016611,0.08993,0.048325,0.385714,2.7e-05,0.000648,0.003097,0.394674,0.077584
ZJ016612,0.037841,1.6e-05,0.264783,0.608924,0.002097,0.000828,2.7e-05,0.085483
ZJ016613,0.0,0.0,0.0,0.0,0.0,1.0,0.0,0.0
ZJ016614,0.398177,0.0,0.008662,0.584446,0.000125,0.0,0.0,0.00859
ZJ016615,0.379359,0.010696,0.480846,0.002172,0.013695,0.010698,0.053291,0.049243
ZJ016616,0.241668,0.042457,0.204969,0.000179,0.005926,0.013341,0.473109,0.018352
ZJ016617,0.070459,0.125599,0.351829,2.4e-05,0.000103,0.000663,0.22187,0.229453
ZJ016618,0.687343,0.014503,0.134703,0.017616,0.037911,0.002599,0.027161,0.078164
ZJ016619,0.019531,0.0,0.02141,0.908541,7e-06,1e-06,0.0,0.05051
ZJ016620,0.001293,0.0,0.010166,0.986239,1e-06,0.0,0.0,0.0023
ZJ016621,0.003696,0.0,0.002555,0.993408,0.0,0.0,0.0,0.000341
ZJ016622,0.869412,0.001325,0.089413,4.9e-05,0.007659,0.000257,0.026528,0.005356
ZJ016623,0.122073,0.004417,0.79463,0.004291,0.002115,0.010864,0.006837,0.054773
ZJ016624,0.194794,0.042904,0.30269,0.00567,0.02468,0.195156,0.216997,0.017109
ZJ016625,0.999976,0.0,2.2e-05,0.0,1e-06,0.0,0.0,0.0
ZJ016626,1.9e-05,0.0,0.000573,0.9994,0.0,0.0,0.0,9e-06
ZJ016627,3e-06,0.0,0.0,0.0,0.0,0.0,0.999997,0.0
ZJ016628,0.999959,0.0,3.2e-05,0.0,6e-06,0.0,3e-06,0.0
ZJ016629,0.000384,0.0,0.000695,0.998791,0.0,0.0,0.0,0.00013
ZJ016630,0.010387,1e-06,0.001223,0.0,0.0,0.0,0.988387,1e-06
ZJ016631,0.029643,1e-05,0.077362,0.567108,0.000138,1.7e-05,8e-06,0.325715
ZJ016632,9.8e-05,0.0,0.000629,0.999106,0.0,0.0,0.0,0.000167
ZJ016633,0.040978,0.024222,0.264214,0.0,7.6e-05,0.002217,0.667186,0.001108
ZJ016634,0.858548,0.000742,0.126542,4e-05,0.002958,0.000639,0.008295,0.002237
ZJ016635,0.39466,0.076703,0.302099,0.005415,0.009161,0.012526,0.083149,0.116287
ZJ016636,0.10662,0.000677,0.165781,0.354299,0.004922,0.001409,0.00074,0.365552
ZJ016637,0.217348,0.008636,0.648224,3.8e-05,0.001475,0.003545,0.113393,0.007341
ZJ016638,0.29687,0.004715,0.118943,0.409988,0.00957,0.001537,0.003202,0.155175
ZJ016639,0.000397,0.0,0.005212,0.994253,0.0,0.0,0.0,0.000137
ZJ016640,0.463387,0.002703,0.513918,6.4e-05,0.000932,0.003462,0.010313,0.005219
ZJ016641,0.008546,0.0,0.007832,0.978664,1e-06,0.0,0.0,0.004955
ZJ016642,0.996622,0.0,0.001972,3e-06,0.001274,0.0,7e-06,0.000121
ZJ016643,0.376792,0.00291,0.087386,0.406494,0.007455,0.000407,0.001644,0.116913
ZJ016644,0.081585,0.01505,0.293704,0.003655,0.001527,0.001154,0.02306,0.580266
ZJ016645,0.802634,0.000318,0.014335,4e-06,0.153417,6e-06,0.028731,0.000556
ZJ016646,0.021352,6e-06,0.002663,0.0,1.4e-05,0.0,0.97596,5e-06
ZJ016647,0.021523,4e-06,0.086951,0.674711,0.000124,1.7e-05,3e-06,0.216667
ZJ016648,0.075977,0.02918,0.781322,2e-06,0.000387,0.019208,0.093339,0.000585
ZJ016649,0.019373,7.3e-05,0.867599,0.000909,0.000178,0.000923,0.000324,0.11062
ZJ016650,0.034571,0.000283,0.927559,0.00147,0.000431,0.002913,0.000905,0.031868
ZJ016651,0.201985,0.50056,0.164703,0.005416,0.007328,0.004124,0.063405,0.052479
ZJ016652,0.091161,0.022319,0.742355,0.000373,0.003521,0.116135,0.02094,0.003197
ZJ016653,0.031273,1e-06,0.000689,8.5e-05,0.967471,0.0,0.000478,2e-06
ZJ016654,0.178563,0.002573,0.082862,1e-06,0.00217,0.001118,0.731729,0.000984
ZJ016655,0.13519,0.057482,0.195827,4.9e-05,0.002345,0.008463,0.584554,0.016091
ZJ016656,0.768527,0.064984,0.097019,0.006779,0.023567,6e-05,0.011988,0.027076
ZJ016657,0.000319,0.996962,0.002388,0.0,0.0,0.0,0.00033,1e-06
ZJ016658,0.008517,2.3e-05,0.112837,0.000541,2.7e-05,2e-06,5.4e-05,0.878
ZJ016659,0.003931,0.000604,0.699407,0.0,3e-06,0.293805,0.002245,4e-06
ZJ016660,0.098981,0.000374,0.046438,0.0,0.000339,0.000184,0.85363,5.5e-05
ZJ016661,0.205602,0.008161,0.369644,0.059311,0.01992,0.010279,0.013689,0.313395
ZJ016662,0.0,0.0,9e-06,0.0,0.0,0.999991,0.0,0.0
ZJ016663,0.0,0.0,4e-06,0.0,0.0,0.999996,0.0,0.0
ZJ016664,0.151501,0.006447,0.504887,0.072057,0.015758,0.017469,0.011068,0.220813
ZJ016665,0.044697,0.000298,0.950435,1e-06,1.7e-05,0.000214,0.003676,0.000662
ZJ016666,0.263686,0.005986,0.261856,0.297489,0.030079,0.027464,0.008314,0.105127
ZJ016667,0.694686,0.012648,0.127307,0.008688,0.05858,0.003317,0.042638,0.052136
ZJ016668,0.412176,0.005492,0.532056,0.000579,0.002531,0.02438,0.014778,0.008008
ZJ016669,0.046514,0.010122,0.448144,3.2e-05,0.000552,0.471953,0.021972,0.000711
ZJ016670,0.104269,0.000254,0.34478,0.448354,0.005035,0.003861,0.000351,0.093096
ZJ016671,0.012258,4e-05,0.909327,0.000439,0.000117,0.001012,0.000229,0.076578
ZJ016672,0.21306,0.023813,0.21065,0.117826,0.250459,0.041415,0.075937,0.06684
ZJ016673,0.117543,0.006201,0.34409,1.1e-05,0.003005,0.008635,0.519469,0.001045
ZJ016674,0.000676,0.0,9.5e-05,0.0,0.0,0.0,0.999229,0.0
ZJ016675,0.0002,0.0,1.4e-05,0.0,0.0,0.0,0.999787,0.0
ZJ016676,0.35955,0.006853,0.59804,0.000126,0.001758,0.003302,0.024361,0.00601
ZJ016677,0.000908,0.0,0.001639,0.996213,0.0,0.0,0.0,0.00124
ZJ016678,0.000238,0.0,0.000101,0.0,0.0,0.0,0.999661,0.0
ZJ016679,0.249711,0.023489,0.368472,0.005852,0.014948,0.246305,0.073443,0.01778
ZJ016680,0.643725,0.023507,0.186922,0.003914,0.029622,0.00694,0.062108,0.04326
ZJ016681,0.056842,3e-05,0.012029,0.0,0.000695,2.3e-05,0.930364,1.6e-05
ZJ016682,0.029793,7.4e-05,0.01159,0.0,7e-06,3e-06,0.958521,1.2e-05
ZJ016683,0.308428,0.001121,0.680802,8e-06,0.000237,0.000579,0.005127,0.003699
ZJ016684,0.996341,0.0,0.001438,9e-06,0.002072,0.0,5e-06,0.000136
ZJ016685,0.06681,0.000306,0.928241,3e-06,3.1e-05,0.000252,0.003344,0.001015
ZJ016686,0.110696,0.15146,0.146263,0.000167,0.001782,0.004546,0.485594,0.099492
ZJ016687,0.337164,0.000223,0.65913,1e-06,6.8e-05,0.001546,0.00164,0.000228
ZJ016688,0.619972,0.002515,0.352208,0.000257,0.002991,0.00484,0.01114,0.006077
ZJ016689,0.944409,0.000346,0.041008,3.6e-05,0.004251,3.1e-05,0.004553,0.005367
ZJ016690,0.057198,0.002037,0.565818,0.000216,0.000538,0.367081,0.005025,0.002088
ZJ016691,0.99955,0.0,5.2e-05,0.0,4e-05,0.0,0.000358,0.0
ZJ016692,0.0,0.0,1.0,0.0,0.0,0.0,0.0,0.0
ZJ016693,0.0,0.0,0.0,0.0,0.0,1.0,0.0,0.0
ZJ016694,0.873499,0.002455,0.070956,0.000591,0.027886,0.000432,0.013002,0.011181
ZJ016695,4e-06,0.0,0.0,0.0,0.0,0.0,0.999996,0.0
ZJ016696,0.038477,0.010277,0.884129,0.0,0.000124,0.021499,0.045432,6.2e-05
ZJ016697,0.332005,0.304085,0.183926,0.01454,0.031035,0.004285,0.081329,0.048795
ZJ016698,1e-04,0.0,6.2e-05,1.2e-05,0.99982,0.0,5e-06,0.0
ZJ016699,0.934461,0.00053,0.044026,0.000268,0.012118,0.000119,0.002808,0.00567
ZJ016700,0.0,0.0,0.0,0.0,0.0,1.0,0.0,0.0
ZJ016701,0.242488,0.299833,0.175909,0.002087,0.000828,0.000648,0.047451,0.230756
ZJ016702,0.055405,5e-06,0.008593,0.0,1e-05,1e-06,0.935985,1e-06
ZJ016703,3.2e-05,0.999609,0.000316,0.0,0.0,0.0,4.3e-05,0.0
ZJ016704,0.0,0.0,5.7e-05,1e-06,0.0,0.999942,0.0,0.0
ZJ016705,0.1267,0.00161,0.203121,0.537118,0.012448,0.007002,0.002186,0.109816
ZJ016706,0.480964,0.001162,0.490219,0.001944,0.002266,0.003715,0.003241,0.016489
ZJ016707,0.001276,0.040957,0.029259,0.0,0.0,6e-05,0.928382,6.6e-05
ZJ016708,0.13634,0.001352,0.169864,0.37555,0.007601,0.002653,0.001489,0.30515
ZJ016709,0.512772,0.095923,0.246515,0.000693,0.004717,0.003692,0.089768,0.04592
ZJ016710,0.323836,0.008112,0.240032,0.247211,0.041366,0.028817,0.01017,0.100456
ZJ016711,0.020374,0.010039,0.840906,0.0,8.5e-05,0.119737,0.008752,0.000107
ZJ016712,0.670977,0.064137,0.164011,0.002062,0.01079,0.001033,0.034029,0.052961
ZJ016713,0.004116,0.006994,0.016038,0.0,1e-06,1.4e-05,0.972602,0.000236
ZJ016714,0.006797,0.0,0.093045,0.890666,0.00017,5.7e-05,0.0,0.009266
ZJ016715,0.118946,0.01879,0.621679,0.005464,0.005694,0.16293,0.028152,0.038345
ZJ016716,0.13187,0.001178,0.855865,1e-06,4.7e-05,0.000334,0.010023,0.000682
ZJ016717,0.029886,0.001013,0.047404,0.0,7e-06,1.5e-05,0.921545,0.00013
ZJ016718,0.0,0.0,1.2e-05,0.0,0.0,0.999988,0.0,0.0
ZJ016719,0.314932,0.065061,0.29403,0.001811,0.014107,0.035379,0.234703,0.039977
ZJ016720,0.183642,0.002891,0.166936,0.497449,0.011644,0.006596,0.003363,0.12748
ZJ016721,0.0,0.0,3e-05,0.0,0.0,0.99997,0.0,0.0
ZJ016722,0.000302,0.0,0.008387,4.7e-05,7.5e-05,0.991179,1e-05,0.0
ZJ016723,9.8e-05,0.0,0.002501,0.997272,0.0,0.0,0.0,0.000129
ZJ016724,0.1355,0.024226,0.783788,3e-06,0.000415,0.007364,0.047735,0.000969
ZJ016725,0.0,0.0,3.2e-05,0.0,0.0,0.999968,0.0,0.0
ZJ016726,0.333419,0.119645,0.30295,0.001119,0.007174,0.014148,0.175412,0.046133
ZJ016727,0.000225,0.0,0.027539,0.0,0.0,0.9722,3.5e-05,0.0
ZJ016728,0.009348,0.0,0.017462,0.963507,6e-06,1e-06,0.0,0.009677
ZJ016729,0.104345,0.017068,0.231414,4e-06,0.000891,0.004559,0.639202,0.002516
ZJ016730,0.013978,0.0,0.078374,0.895845,0.000245,4.4e-05,1e-06,0.011512
ZJ016731,0.906278,8e-06,0.011197,0.070732,0.003763,0.0,1.4e-05,0.008009
ZJ016732,0.171883,0.01356,0.25935,2.6e-05,0.005318,0.005031,0.542242,0.00259
ZJ016733,0.391963,0.028311,0.261857,0.001042,0.01893,0.026093,0.251189,0.020615
ZJ016734,0.732531,0.008059,0.110423,0.012415,0.062729,0.002357,0.025927,0.045559
ZJ016735,0.998935,0.0,0.000376,0.0,0.000168,0.0,0.000515,6e-06
ZJ016736,0.024982,0.867975,0.056494,3e-06,3e-05,9e-05,0.04657,0.003857
ZJ016737,0.240514,0.011799,0.15791,0.41319,0.013137,0.002946,0.006625,0.153878
ZJ016738,0.020374,0.010039,0.840906,0.0,8.5e-05,0.119737,0.008752,0.000107
ZJ016739,0.050719,4e-05,0.007461,0.0,2.1e-05,1e-06,0.94172,3.9e-05
ZJ016740,0.001392,0.0,0.005517,0.990468,0.0,0.0,0.0,0.002623
ZJ016741,0.221868,0.000817,0.118929,0.552086,0.00678,0.001651,0.000862,0.097007
ZJ016742,0.808405,0.001395,0.062943,0.041702,0.03234,0.000353,0.003154,0.049709
ZJ016743,0.309506,0.038133,0.470597,0.000755,0.005791,0.013452,0.11398,0.047788
ZJ016744,0.432292,0.001725,0.2518,0.190472,0.020021,0.010019,0.002595,0.091076
ZJ016745,0.48207,0.016714,0.428983,0.000922,0.004797,0.006488,0.027738,0.032286
ZJ016746,0.314984,0.110036,0.246431,0.036317,0.008646,0.005847,0.039106,0.238633
ZJ016747,0.995493,1e-06,0.002265,0.0,0.000439,0.0,0.001756,4.7e-05
ZJ016748,0.118401,0.645062,0.152365,0.000523,0.001613,0.006044,0.058738,0.017253
ZJ016749,0.019043,0.005441,0.26069,0.0,4e-06,0.000121,0.71403,0.00067
ZJ016750,0.212413,0.260752,0.270394,0.000882,0.004163,0.012635,0.187918,0.050844
ZJ016751,0.001734,0.532473,0.032798,0.0,0.0,1.2e-05,0.432704,0.00028
ZJ016752,0.000174,0.999171,0.000612,0.0,0.0,0.0,4.2e-05,1e-06
ZJ016753,0.107301,0.566733,0.142858,0.000791,0.000944,0.00212,0.103112,0.07614
ZJ016754,0.078428,0.000456,0.730222,0.006416,0.000997,0.001157,0.000994,0.181329
ZJ016755,0.12567,0.000397,0.014146,0.0,0.00028,5e-06,0.858192,0.001311
ZJ016756,0.156162,0.029868,0.716878,3e-05,0.000965,0.007016,0.081925,0.007156
ZJ016757,0.002116,0.993239,0.004071,0.0,1e-06,0.0,0.000497,7.6e-05
ZJ016758,0.03053,4e-06,0.00212,0.0,9e-06,0.0,0.967332,5e-06
ZJ016759,0.985784,1e-06,0.003104,0.00313,0.006699,0.0,6e-06,0.001276
ZJ016760,0.061174,0.328898,0.17731,2e-06,0.000111,0.002706,0.418921,0.010877
ZJ016761,0.671789,0.01488,0.185726,0.001001,0.014856,0.004054,0.07203,0.035664
ZJ016762,0.142316,0.002237,0.214231,0.468382,0.012907,0.005334,0.00229,0.152302
ZJ016763,0.00044,1e-06,0.052429,0.0,0.0,0.947013,0.000116,0.0
ZJ016764,0.718382,0.004512,0.218516,0.000384,0.01076,0.001895,0.032103,0.013447
ZJ016765,0.812546,0.005173,0.111789,0.001085,0.015654,0.000983,0.022414,0.030357
ZJ016766,0.133991,0.005726,0.703366,1.3e-05,0.000522,0.001545,0.137173,0.017663
ZJ016767,0.782823,0.00589,0.169066,0.000159,0.00538,0.001851,0.02578,0.009052
ZJ016768,0.143276,0.002533,0.721453,0.000897,0.000852,0.001165,0.008325,0.121497
ZJ016769,0.258597,0.005627,0.702258,8.3e-05,0.000898,0.004999,0.02087,0.006667
ZJ016770,0.620045,0.022695,0.179807,0.007785,0.041359,0.00919,0.061886,0.057233
ZJ016771,0.127487,0.002459,0.192628,0.433093,0.008472,0.002806,0.001945,0.23111
ZJ016772,0.0,0.0,0.0,0.0,0.0,1.0,0.0,0.0
ZJ016773,0.970923,4e-05,0.025935,1e-06,0.000747,5e-06,0.001543,0.000805
ZJ016774,0.114929,0.027814,0.72054,0.000557,0.004452,0.098435,0.028066,0.005206
ZJ016775,0.102375,0.007695,0.854325,2.7e-05,0.0009,0.010448,0.021771,0.00246
ZJ016776,0.013868,0.0,0.07132,0.88988,0.000145,1.9e-05,1e-06,0.024767
ZJ016777,0.0,0.0,0.0,0.0,0.0,0.0,1.0,0.0
ZJ016778,0.068447,0.0005,0.577402,0.02097,0.003699,0.003407,0.001516,0.32406
ZJ016779,0.821966,0.002189,0.139084,0.000104,0.004554,0.000909,0.022521,0.008673
ZJ016780,0.188893,1.1e-05,0.009119,0.0,0.002154,4e-06,0.799771,4.7e-05
ZJ016781,0.100124,0.036789,0.657711,0.000131,0.002355,0.103076,0.095412,0.004403
ZJ016782,0.107757,0.006853,0.331062,0.000643,0.002715,0.52891,0.019002,0.00306
ZJ016783,0.059537,0.024634,0.494398,0.0,2.9e-05,0.000213,0.330008,0.091182
ZJ016784,0.250826,0.011963,0.224254,0.300455,0.030679,0.020877,0.013294,0.147651
ZJ016785,0.007034,0.00022,0.047775,0.0,0.0,2e-06,0.944961,8e-06
ZJ016786,0.010485,0.0,0.071129,0.910726,0.000153,3.6e-05,0.0,0.007472
ZJ016787,0.19972,0.036326,0.253711,8e-05,0.003177,0.003581,0.469738,0.033667
ZJ016788,0.238441,0.430059,0.189218,0.000938,0.002241,0.002484,0.075773,0.060846
ZJ016789,0.454594,0.062425,0.32934,0.003072,0.003557,0.003568,0.030757,0.112687
ZJ016790,0.216167,0.026013,0.574917,0.002275,0.004085,0.015648,0.051482,0.109413
ZJ016791,0.658125,0.010407,0.194692,0.000115,0.004555,0.001345,0.115304,0.015458
ZJ016792,0.008631,1.2e-05,0.991003,0.0,1e-06,5.3e-05,0.000191,0.000109
ZJ016793,0.742752,0.006714,0.187599,0.000175,0.006633,0.002749,0.043375,0.010003
ZJ016794,0.513563,0.000622,0.360748,0.010065,0.01314,0.087001,0.004756,0.010105
ZJ016795,0.090681,0.002808,0.335766,0.202843,0.164954,0.014824,0.009373,0.178751
ZJ016796,0.001171,0.0,0.000277,0.0,0.0,0.0,0.998552,0.0
ZJ016797,0.989313,2e-06,0.004221,0.0,0.001554,0.0,0.004784,0.000127
ZJ016798,0.106017,0.021247,0.305618,0.001689,0.006814,0.488356,0.065217,0.005043
ZJ016799,0.202517,0.011489,0.127184,3.1e-05,0.0057,0.004806,0.642216,0.006056
ZJ016800,0.34762,0.031696,0.522228,0.001791,0.006077,0.012862,0.037796,0.03993
ZJ016801,0.422009,0.001692,0.522413,0.003229,0.005462,0.003325,0.006012,0.035857
ZJ016802,0.0,0.0,2.1e-05,0.0,0.0,0.999979,0.0,0.0
ZJ016803,0.314664,0.079548,0.361786,0.014389,0.014399,0.032869,0.075828,0.106517
ZJ016804,0.000492,0.0,0.001618,0.996044,0.0,0.0,0.0,0.001845
ZJ016805,0.184321,0.004455,0.215649,0.314334,0.082132,0.073585,0.01541,0.110114
ZJ016806,0.000303,0.0,2e-06,0.0,0.999694,0.0,0.0,0.0
ZJ016807,0.611468,0.023813,0.217549,0.002326,0.01903,0.008473,0.074315,0.043024
ZJ016808,0.41286,0.003647,0.552229,0.000128,0.001439,0.014208,0.012701,0.002788
ZJ016809,0.003801,0.0,0.028466,0.911693,3e-06,0.0,0.0,0.056036
ZJ016810,0.000106,0.0,0.000434,0.000122,0.999307,0.0,3.2e-05,0.0
ZJ016811,0.257623,0.011071,0.155732,8.5e-05,0.009815,0.006598,0.551704,0.007374
ZJ016812,0.0,0.0,4e-06,0.0,0.0,0.999996,0.0,0.0
ZJ016813,0.058158,0.026387,0.257847,0.0,8e-05,0.000306,0.596034,0.061187
ZJ016814,0.051963,0.00053,0.820872,0.015623,0.003687,0.008701,0.001617,0.097008
ZJ016815,0.190743,0.156488,0.422799,4.6e-05,0.002377,0.015656,0.206542,0.005349
ZJ016816,0.624907,0.00155,0.353551,0.000192,0.00315,0.004003,0.008729,0.003918
ZJ016817,0.000341,0.0,8e-06,0.0,0.0,0.0,0.999651,0.0
ZJ016818,0.082192,0.000362,0.730028,0.002242,0.000625,0.000416,0.000911,0.183224
ZJ016819,0.429714,0.009335,0.151188,0.249551,0.022492,0.003185,0.006719,0.127815
ZJ016820,0.046869,0.000507,0.139975,0.053,0.067203,0.660501,0.030719,0.001226
ZJ016821,0.929705,0.000212,0.052424,7.8e-05,0.008368,0.000105,0.004714,0.004394
ZJ016822,0.103677,0.001987,0.87216,0.000187,0.000576,0.010069,0.005259,0.006086
ZJ016823,0.015614,0.000635,0.011768,0.0,5e-06,4e-06,0.971856,0.000117
ZJ016824,0.030123,0.000135,0.68133,0.008131,0.001212,0.000979,0.000465,0.277624
ZJ016825,0.059759,0.001085,0.638253,0.151961,0.027195,0.018477,0.002678,0.100592
ZJ016826,0.380163,0.001784,0.098044,0.448453,0.023246,0.001125,0.001935,0.04525
ZJ016827,0.200769,0.026205,0.226707,7e-05,0.006313,0.007847,0.525849,0.006241
ZJ016828,0.009076,0.0,0.055482,0.654992,1.7e-05,1e-06,0.0,0.280431
ZJ016829,0.000896,0.0,5e-05,7e-06,0.999041,0.0,6e-06,0.0
ZJ016830,0.049416,0.000864,0.726329,0.002392,0.00091,0.002709,0.002846,0.214534
ZJ016831,0.0,0.0,0.0,0.0,0.0,1.0,0.0,0.0
ZJ016832,0.860255,0.001114,0.107402,0.000195,0.006689,0.000384,0.01049,0.01347
ZJ016833,0.117131,0.003557,0.654791,0.013212,0.005124,0.009126,0.007612,0.189447
ZJ016834,0.160454,0.00247,0.192722,0.52032,0.015691,0.01081,0.003375,0.094158
ZJ016835,0.228796,0.016314,0.373843,0.002354,0.009019,0.297815,0.06282,0.009038
ZJ016836,0.999905,0.0,3.3e-05,0.0,6.2e-05,0.0,0.0,0.0
ZJ016837,0.151081,0.032604,0.260105,5.5e-05,0.004162,0.008315,0.537915,0.005763
ZJ016838,0.146911,0.590312,0.145699,0.012267,0.006952,0.002837,0.054271,0.040751
ZJ016839,0.032949,0.000283,0.962246,0.0,7e-06,0.000177,0.004251,8.8e-05
ZJ016840,0.035162,1.1e-05,0.003908,0.0,6.6e-05,0.0,0.960842,1.1e-05
ZJ016841,0.999999,0.0,1e-06,0.0,0.0,0.0,0.0,0.0
ZJ016842,0.670824,0.018725,0.220872,0.000628,0.009473,0.005402,0.05266,0.021416
ZJ016843,0.134996,0.002518,0.505804,0.195605,0.011733,0.015405,0.003293,0.130645
ZJ016844,0.154019,0.043295,0.475641,3.4e-05,0.001849,0.024937,0.295904,0.004322
ZJ016845,0.019014,0.000102,0.89389,0.000412,0.000144,0.000675,0.000467,0.085295
ZJ016846,0.0,0.0,1.0,0.0,0.0,0.0,0.0,0.0
ZJ016847,0.448064,0.003065,0.514203,0.000358,0.00309,0.011495,0.011383,0.008342
ZJ016848,0.909811,0.000624,0.076387,3.6e-05,0.003128,0.000165,0.006101,0.003748
ZJ016849,6.5e-05,0.0,0.001095,0.998838,0.0,0.0,0.0,2e-06
ZJ016850,0.007298,0.0,0.009567,0.979299,2e-06,0.0,0.0,0.003834
ZJ016851,0.018424,5.4e-05,0.785866,0.000563,0.000171,0.000375,0.000284,0.194261
ZJ016852,0.227345,0.0074,0.562122,0.010576,0.005348,0.007264,0.012859,0.167086
ZJ016853,0.0,0.0,0.0,0.0,0.0,1.0,0.0,0.0
ZJ016854,0.793965,0.001286,0.182341,4.3e-05,0.003243,0.00133,0.01565,0.002141
ZJ016855,0.050601,0.019803,0.686179,0.0,0.000132,0.007157,0.235893,0.000234
ZJ016856,0.493148,0.008815,0.435277,0.001622,0.006224,0.015772,0.024377,0.014765
ZJ016857,0.020499,4e-06,0.123584,0.492475,0.000142,1.5e-05,3e-06,0.363277
ZJ016858,0.101172,0.086581,0.576393,0.000119,0.002569,0.151268,0.078572,0.003326
ZJ016859,0.002035,0.0,0.014142,0.957168,1e-06,0.0,0.0,0.026653
ZJ016860,0.0,0.0,1.8e-05,0.0,0.0,0.999982,0.0,0.0
ZJ016861,0.09415,0.000533,0.204904,0.470015,0.004427,0.002135,0.000516,0.22332
ZJ016862,0.15607,0.184544,0.340273,7.2e-05,0.001557,0.010329,0.285382,0.021775
ZJ016863,0.328712,0.075519,0.449743,0.003328,0.006014,0.012923,0.050382,0.073378
ZJ016864,0.980862,9e-06,0.017257,0.0,0.000413,1e-06,0.001296,0.000162
ZJ016865,0.017632,0.000527,0.013297,0.0,3e-05,1.3e-05,0.968424,7.7e-05
ZJ016866,0.211113,0.004986,0.275341,0.358075,0.019122,0.01086,0.004872,0.115632
ZJ016867,0.54968,0.020918,0.248868,0.000234,0.005474,0.004255,0.149364,0.021208
ZJ016868,0.066341,0.030501,0.592061,2e-06,0.000547,0.017587,0.292645,0.000316
ZJ016869,0.002021,3e-06,0.000967,0.0,0.0,0.0,0.997008,0.0
ZJ016870,0.003469,0.985341,0.008705,0.0,1e-06,1e-06,0.002351,0.000133
ZJ016871,0.148329,0.480422,0.182325,0.002387,0.002809,0.007059,0.107852,0.068817
ZJ016872,0.063473,0.483856,0.395578,3e-06,0.00012,0.012067,0.044011,0.000893
ZJ016873,0.410325,0.019862,0.194316,0.172804,0.049766,0.015279,0.021844,0.115804
ZJ016874,0.057831,0.005392,0.832693,0.0,0.00011,0.002656,0.101152,0.000165
ZJ016875,0.021254,0.000781,0.255725,0.0,5e-06,4.6e-05,0.722163,2.7e-05
ZJ016876,0.018689,0.870974,0.063661,0.0,1.1e-05,0.000278,0.045025,0.001361
ZJ016877,0.999998,0.0,2e-06,0.0,1e-06,0.0,0.0,0.0
ZJ016878,0.088359,0.001227,0.633966,0.003679,0.001267,0.001603,0.00315,0.26675
ZJ016879,0.201771,0.003315,0.770721,0.00013,0.000647,0.001555,0.008068,0.013793
ZJ016880,0.30033,0.007097,0.106574,5.9e-05,0.023511,0.002393,0.556636,0.003399
ZJ016881,0.007797,0.958556,0.021222,0.0,3e-06,1.4e-05,0.010922,0.001486
ZJ016882,0.010096,0.000737,0.042412,0.0,0.0,7e-06,0.94673,1.7e-05
ZJ016883,0.014198,0.002509,0.058417,0.0,4e-06,7.2e-05,0.924756,4.5e-05
ZJ016884,0.013303,0.0,0.000385,0.0,0.0,0.0,0.986311,0.0
ZJ016885,0.096112,0.000305,0.158744,0.657249,0.004673,0.001869,0.000435,0.080613
ZJ016886,0.006215,4.8e-05,0.006815,0.0,0.0,1e-06,0.98692,1e-06
ZJ016887,0.125635,0.016358,0.128889,6.3e-05,0.007366,0.009763,0.706772,0.005155
ZJ016888,0.006065,0.0,0.046278,0.94281,6.4e-05,9e-06,0.0,0.004774
ZJ016889,0.329752,0.197145,0.159804,0.084348,0.1269,0.002838,0.072875,0.026339
ZJ016890,0.037016,0.000356,0.787439,0.001071,0.000433,0.001315,0.00139,0.170979
ZJ016891,0.684834,0.008336,0.208994,0.001224,0.020231,0.006095,0.05096,0.019326
ZJ016892,0.716144,0.002769,0.245391,0.000564,0.007027,0.003911,0.015347,0.008847
ZJ016893,0.908407,0.00069,0.063362,1.4e-05,0.00281,8.6e-05,0.016554,0.008077
ZJ016894,0.208464,0.022562,0.658736,0.001935,0.004603,0.025655,0.03654,0.041506
ZJ016895,0.079409,0.006994,0.275953,0.001059,0.004059,0.597846,0.032373,0.002306
ZJ016896,0.296121,0.069019,0.168232,0.000373,0.005184,0.004135,0.346579,0.110357
ZJ016897,0.001203,0.0,0.000208,0.0,0.0,0.0,0.998589,0.0
ZJ016898,0.091415,0.001111,0.630656,0.007696,0.001331,0.003086,0.002584,0.26212
ZJ016899,0.146369,0.001987,0.055912,0.0,0.001029,0.000323,0.7932,0.001179
ZJ016900,0.043656,0.000373,0.591656,0.006711,0.002002,0.001331,0.001272,0.352998
ZJ016901,0.0,0.0,0.0,0.0,0.0,1.0,0.0,0.0
ZJ016902,0.920058,0.000188,0.037787,0.0,0.000785,6e-06,0.036492,0.004682
ZJ016903,0.013036,1.9e-05,0.986275,0.0,1e-06,3e-05,0.000459,0.00018
ZJ016904,0.177783,0.006368,0.416932,0.07073,0.025975,0.013184,0.012633,0.276395
ZJ016905,0.03527,0.000482,0.115102,0.007485,0.000249,4.7e-05,0.000587,0.840778
ZJ016906,0.366507,0.033138,0.392826,0.01164,0.024566,0.056737,0.054466,0.060121
ZJ016907,0.991601,3e-06,0.005269,0.0,0.002344,0.0,0.00059,0.000193
ZJ016908,0.0,0.0,0.0,0.0,0.0,0.0,0.999999,0.0
ZJ016909,8.3e-05,0.0,0.009505,0.0,0.0,0.990408,4e-06,0.0
ZJ016910,0.153033,0.001198,0.215038,0.487853,0.025447,0.021475,0.002774,0.093181
ZJ016911,0.196283,0.000564,0.111542,0.604834,0.005071,0.000808,0.000495,0.080403
ZJ016912,0.002439,8e-06,0.997238,0.0,0.0,0.000155,0.000158,1e-06
ZJ016913,0.290717,0.042414,0.22262,5e-05,0.004929,0.006035,0.427514,0.005721
ZJ016914,0.101392,0.003793,0.238846,0.122965,0.005383,0.001559,0.003616,0.522445
ZJ016915,0.011389,4.1e-05,0.067694,0.011597,0.053092,0.828306,0.027852,2.9e-05
ZJ016916,0.095901,0.017729,0.567439,6e-06,0.000305,0.002569,0.301334,0.014716
ZJ016917,0.3166,0.000297,0.071342,0.505717,0.003243,0.000283,0.000273,0.102244
ZJ016918,0.705272,0.003904,0.222384,0.007206,0.018252,0.008551,0.009633,0.024799
ZJ016919,0.999812,0.0,0.000169,0.0,1.8e-05,0.0,0.0,0.0
ZJ016920,0.0,0.0,0.0,0.0,0.0,1.0,0.0,0.0
ZJ016921,0.540925,0.017796,0.354855,0.006914,0.012674,0.007804,0.016636,0.042395
ZJ016922,0.398639,0.013311,0.445211,0.001279,0.007677,0.066293,0.055409,0.012182
ZJ016923,0.110639,0.009537,0.740811,0.005357,0.003014,0.040072,0.014553,0.076018
ZJ016924,0.096512,0.062722,0.421796,2.5e-05,0.000156,0.000658,0.187445,0.230685
ZJ016925,0.0,0.0,0.0,0.0,0.0,1.0,0.0,0.0
ZJ016926,0.106573,0.006588,0.774874,0.003768,0.002446,0.039892,0.010364,0.055496
ZJ016927,0.003167,4e-06,0.000789,0.0,0.0,0.0,0.996039,1e-06
ZJ016928,0.995244,1e-06,0.003251,0.0,0.000676,0.0,0.000724,0.000103
ZJ016929,0.154296,0.513426,0.188194,0.001281,0.002991,0.009895,0.094723,0.035194
ZJ016930,0.333653,0.307812,0.193506,0.01474,0.010043,0.003372,0.043155,0.09372
ZJ016931,0.015724,4e-05,0.219537,0.009773,0.000747,4.8e-05,0.000127,0.754003
ZJ016932,0.000103,0.0,0.002077,0.997765,0.0,0.0,0.0,5.6e-05
ZJ016933,0.417187,0.023079,0.437293,0.001662,0.008502,0.02255,0.064147,0.025579
ZJ016934,0.049457,0.001223,0.849834,0.001758,0.000889,0.003975,0.003648,0.089214
ZJ016935,0.060063,0.821948,0.077265,0.000216,0.000533,0.00059,0.029081,0.010304
ZJ016936,0.157437,0.000645,0.12107,0.619392,0.00388,0.00118,0.000634,0.09576
ZJ016937,0.088421,0.868419,0.035615,3.4e-05,6.5e-05,2e-06,0.002756,0.004688
ZJ016938,0.0,0.0,9.3e-05,0.0,0.0,0.999907,0.0,0.0
ZJ016939,0.622291,0.005737,0.329389,0.000259,0.003304,0.002614,0.025757,0.010649
ZJ016940,0.004119,0.0,8.3e-05,1e-05,0.99577,0.0,1.8e-05,0.0
ZJ016941,0.035122,1.4e-05,0.114685,0.655966,0.000452,0.000112,1.5e-05,0.193633
ZJ016942,0.002587,0.0,0.000132,0.0,0.0,0.0,0.99728,0.0
ZJ016943,0.703914,0.000693,0.282716,5.5e-05,0.001687,0.001344,0.006331,0.00326
ZJ016944,0.190296,0.00424,0.727854,0.000502,0.00113,0.001893,0.013114,0.060971
ZJ016945,0.12778,0.016401,0.733455,2.8e-05,0.001372,0.021386,0.097691,0.001887
ZJ016946,0.016246,0.003105,0.166545,0.0,3e-06,0.000229,0.81383,4.2e-05
ZJ016947,0.057907,0.000732,0.892925,0.0,2.6e-05,0.000203,0.04771,0.000498
ZJ016948,0.092149,0.018624,0.221137,0.004681,0.0024,0.001265,0.028962,0.630782
ZJ016949,0.009448,0.000304,0.821752,2e-06,4.3e-05,0.167466,0.000929,5.7e-05
ZJ016950,0.984276,0.0,0.015383,0.0,8.7e-05,0.0,0.000236,1.7e-05
ZJ016951,0.033845,2.4e-05,0.14249,0.598194,0.000843,0.000174,2.7e-05,0.224402
ZJ016952,0.00793,2.5e-05,0.096228,1.2e-05,0.000101,0.894641,0.001055,9e-06
ZJ016953,0.528295,0.006874,0.111939,4e-06,0.004351,0.000311,0.345085,0.003141
ZJ016954,0.022858,0.000393,0.96678,0.0,9e-06,0.00033,0.009299,0.00033
ZJ016955,0.999669,0.0,0.00026,0.0,3.4e-05,0.0,3.5e-05,1e-06
ZJ016956,0.299726,0.049191,0.359332,0.000438,0.007713,0.021317,0.247533,0.014749
ZJ016957,0.016238,0.001856,0.024909,0.0,1.3e-05,4.1e-05,0.956856,8.6e-05
ZJ016958,0.0,0.0,0.0,0.0,0.0,1.0,0.0,0.0
ZJ016959,0.022157,7.3e-05,0.815231,0.000444,0.000111,0.000368,0.000322,0.161294
ZJ016960,0.356665,0.01613,0.511026,0.000376,0.004651,0.009375,0.08576,0.016018
ZJ016961,0.108029,0.003289,0.863995,1e-06,9.9e-05,0.000985,0.022963,0.000639
ZJ016962,0.01892,1e-06,0.093291,0.856425,0.000312,7.7e-05,2e-06,0.030972
ZJ016963,0.079125,0.015978,0.797116,2.6e-05,0.001367,0.073809,0.032003,0.000575
ZJ016964,0.478887,0.12886,0.186133,0.046558,0.035626,0.003568,0.040562,0.079805
ZJ016965,0.44785,0.006868,0.49822,0.00047,0.003119,0.015402,0.019706,0.008365
ZJ016966,0.002248,0.0,0.006527,0.985484,0.0,0.0,0.0,0.00574
ZJ016967,0.144353,0.103389,0.235421,0.002478,0.012379,0.053482,0.396849,0.051649
ZJ016968,0.00104,0.0,0.000217,0.0,0.0,0.0,0.998743,0.0
ZJ016969,0.427931,0.030064,0.323623,0.000248,0.005619,0.014948,0.186462,0.011105
ZJ016970,0.12806,0.026847,0.345974,1e-05,0.001283,0.006514,0.486997,0.004316
ZJ016971,0.725991,0.009687,0.173067,0.0008,0.0119,0.002947,0.047626,0.027982
ZJ016972,0.240011,0.004712,0.5673,0.022336,0.008132,0.014406,0.008325,0.134778
ZJ016973,0.041857,0.019537,0.063299,0.0,0.000218,0.000667,0.871408,0.003015
ZJ016974,0.038914,0.001014,0.945112,0.0,3.4e-05,0.000545,0.012813,0.001568
ZJ016975,4.9e-05,0.0,1e-06,0.0,0.0,0.0,0.99995,0.0
ZJ016976,0.176367,0.600827,0.120594,0.000144,0.001201,0.000282,0.080599,0.019985
ZJ016977,0.081791,0.001083,0.763664,0.02974,0.003184,0.030272,0.002485,0.087782
ZJ016978,0.771287,0.001165,0.095996,1e-06,0.001161,0.000105,0.128274,0.002011
ZJ016979,0.628777,0.008846,0.324786,0.000553,0.004775,0.014061,0.013542,0.00466
ZJ016980,1.1e-05,0.999873,0.000107,0.0,0.0,0.0,1e-05,0.0
ZJ016981,0.103387,0.000926,0.181763,0.214732,0.004463,0.001115,0.000978,0.492636
ZJ016982,0.686953,0.005451,0.276791,0.000343,0.004695,0.003579,0.01477,0.007417
ZJ016983,0.016539,0.000202,0.147625,0.003428,0.000327,3e-05,0.000451,0.831398
ZJ016984,0.14797,7e-06,0.040328,0.785044,0.000537,8e-06,5e-06,0.026101
ZJ016985,0.332339,0.015996,0.422848,0.004765,0.011903,0.148255,0.047094,0.016799
ZJ016986,0.001473,0.0,0.004684,0.992532,0.0,0.0,0.0,0.00131
ZJ016987,0.474111,0.046667,0.307935,0.002911,0.012971,0.034068,0.073354,0.047982
ZJ016988,0.799187,4e-05,0.026047,0.14093,0.005093,1.6e-05,8.1e-05,0.028606
ZJ016989,0.0,0.0,9e-06,0.0,0.0,0.999991,0.0,0.0
ZJ016990,0.27797,0.001189,0.114856,0.476499,0.008771,0.002087,0.001342,0.117285
ZJ016991,0.0,0.0,3e-06,0.0,0.0,0.999997,0.0,0.0
ZJ016992,6e-06,0.0,1e-06,0.0,0.0,0.0,0.999993,0.0
ZJ016993,0.381782,0.066834,0.214744,0.000124,0.004605,0.004252,0.304808,0.02285
ZJ016994,0.00886,0.720581,0.252515,0.0,1e-06,0.000879,0.017158,7e-06
ZJ016995,0.506472,0.061402,0.245254,0.007892,0.046084,0.01762,0.084789,0.030487
ZJ016996,0.13406,0.48484,0.152177,0.001924,0.001359,0.002751,0.091994,0.130894
ZJ016997,0.096334,0.015976,0.233807,2e-06,0.000613,0.001491,0.647417,0.004361
ZJ016998,0.633094,0.040583,0.123904,0.019175,0.08491,0.001532,0.040125,0.056677
ZJ016999,0.0,0.0,0.0,0.0,0.0,1.0,0.0,0.0
ZJ017000,2e-06,0.999959,3.7e-05,0.0,0.0,0.0,2e-06,0.0
ZJ017001,0.044623,0.000355,0.83638,0.016946,0.003469,0.008178,0.001141,0.088907
ZJ017002,0.072329,0.0,0.000476,2e-05,0.926693,0.0,0.000469,1.2e-05
ZJ017003,0.229252,0.0006,0.441904,0.051019,0.006128,0.001178,0.001106,0.268813
ZJ017004,0.249146,0.031982,0.256037,0.000102,0.004895,0.007058,0.439263,0.011518
ZJ017005,0.310386,0.039119,0.533865,0.001163,0.004027,0.008688,0.045233,0.057518
ZJ017006,0.738963,0.012391,0.136555,0.000839,0.022148,0.001959,0.060647,0.0265
ZJ017007,0.192736,0.019472,0.66007,0.003949,0.003772,0.02682,0.024861,0.06832
ZJ017008,0.615439,0.02144,0.250181,0.001091,0.01323,0.008059,0.066154,0.024407
ZJ017009,0.438014,0.038127,0.345388,0.00475,0.015479,0.034038,0.081202,0.043003
ZJ017010,0.057068,4.4e-05,0.159822,0.684634,0.001352,0.000522,4.4e-05,0.096513
ZJ017011,0.940514,0.000196,0.02432,1e-06,0.005429,5e-06,0.027463,0.002073
ZJ017012,0.743176,0.006564,0.130501,0.000104,0.006479,0.000804,0.08802,0.024352
ZJ017013,0.030918,9e-06,0.123244,0.676924,0.00048,0.000112,1.1e-05,0.168301
ZJ017014,0.310675,0.059016,0.170262,0.002793,0.004307,0.002064,0.131687,0.319196
ZJ017015,0.117261,0.026689,0.128462,1.2e-05,0.001659,0.00375,0.713527,0.00864
ZJ017016,0.09682,0.213062,0.326777,1e-06,0.000193,0.003751,0.357361,0.002035
ZJ017017,0.003908,0.0,0.005229,0.987317,0.0,0.0,0.0,0.003545
ZJ017018,0.02668,0.000101,0.00546,0.0,1.1e-05,1e-06,0.967646,0.000101
ZJ017019,0.194176,0.003614,0.085486,2e-06,0.002074,0.001027,0.71187,0.00175
ZJ017020,1.0,0.0,0.0,0.0,0.0,0.0,0.0,0.0
ZJ017021,0.825363,0.000766,0.048074,1e-06,0.004387,2.3e-05,0.118488,0.002898
ZJ017022,0.671352,0.000636,0.316098,3.2e-05,0.00112,0.001028,0.006549,0.003186
ZJ017023,0.100911,0.001849,0.876556,1e-06,0.000102,0.000818,0.019156,0.000607
ZJ017024,0.022759,0.288005,0.216183,0.0,2.1e-05,0.002196,0.465914,0.004923
ZJ017025,0.047932,0.00494,0.135053,0.0,3.4e-05,0.000319,0.811468,0.000255
ZJ017026,0.02184,0.010363,0.818827,1e-06,0.00016,0.126393,0.022373,4.3e-05
ZJ017027,0.190304,0.004644,0.409025,0.101984,0.012676,0.009215,0.006727,0.265426
ZJ017028,0.0563,0.672372,0.107026,2.3e-05,0.000124,0.000633,0.133035,0.030487
ZJ017029,0.013753,0.0,0.059532,0.863323,7.9e-05,5e-06,1e-06,0.063307
ZJ017030,0.179725,0.000596,0.042044,0.0,0.000961,9.6e-05,0.776218,0.00036
ZJ017031,0.317815,0.025012,0.42799,0.01497,0.010442,0.013044,0.0263,0.164428
ZJ017032,0.307081,0.001396,0.375687,0.229963,0.013268,0.011384,0.002224,0.058998
ZJ017033,0.644051,0.008784,0.292692,0.001557,0.008719,0.004207,0.019286,0.020704
ZJ017034,0.10821,0.005443,0.261408,0.015204,0.019027,0.546909,0.034653,0.009146
ZJ017035,0.56041,0.002373,0.408085,0.00021,0.002283,0.010206,0.012465,0.003968
ZJ017036,0.21594,0.000946,0.040787,1e-06,0.005213,0.000191,0.73527,0.001653
ZJ017037,0.075843,0.063918,0.625328,7e-06,0.000644,0.041646,0.191456,0.001157
